"RandomSeed"		0
"Event Pattern"         531 -431 321 211 -211
"InputFileName"	 "/auto/data/dargent/BsDsKpipi/Final/Data/signal_18.root"

"OutputDir"	"signal_new/"
"channel"	"signal"

"dilutionWeight"	1
"N_plot_it" 	1
"scale_asym"	 1

"doPlots"	 	1
"updateAnaNote"		0

"nBinst" 	40
"nBinsAsym"	 5
"min_TAU" 	0.4
"max_TAU" 	10
"min_TAUERR" 	0.
"max_TAUERR" 	0.1
"max_TAU_ForMixingPlot" 	3

*"min_year" 	18
*"max_year" 	17

"doSimFit"			 1
"useGaussConstrainsTagging"	 0
"randomizeStartVals"		 0

** name		Fix?	init	step	min	max
"Gamma"		2	0.6624 	0.0018	0.0	2.0
"dGamma" 	2 	0.090 	0.005	0.0	0.0
*"dm" 		2 	17.7537  0.021	0.0	0.0
"dm"  		2    17.7566    0.00700115

"C"	0	0.5	0.05		
"D"	0	0.	0.05	
"D_bar"	0	0.	0.05	
"S"	0	0.	0.05	
"S_bar" 0	0.	0.05	

"doScanParam"	0
"scanParam"	"D_bar"
"scanParam_min" -1
"scanParam_max" 2.
"scanParam_steps" 50

*"C_Blind"	1	-0.5   0.5
*"D_Blind"	2	-1   1
*"D_bar_Blind"	3	-1   1
*"S_Blind"	4	-1   1
*"S_bar_Blind"	5	-1   1
"k" 	1	1.	0.05	0.	1.
***
*"D_Scan"	-4 4	
*"D_bar_Scan"	-4 4	

***
"p0_os_Run1"    2    0.397485    0.00971012
"p1_os_Run1"    2    0.910694    0.0828984
"avg_eta_os_Run1"    1    0.356748    0
"delta_p0_os_Run1"    2    0.0286676    0.010701
"delta_p1_os_Run1"    2    0.013201    0.0955253
"tageff_os_Run1"    2    0.477731    0.00367486
"tageff_asym_os_Run1"    2    0.00220015    0.0136159
"p0_ss_Run1"    2    0.444128    0.00804004
"p1_ss_Run1"    2    0.949074    0.109675
"avg_eta_ss_Run1"    1    0.430637    0
"delta_p0_ss_Run1"    2    -0.0186804    0.00887897
"delta_p1_ss_Run1"    2    0.0642276    0.125327
"tageff_ss_Run1"    2    0.684137    0.00340852
"tageff_asym_ss_Run1"    2    -0.000121203    0.0124923

"p0_os_Run2"    2    0.375037    0.00392937
"p1_os_Run2"    2    0.775778    0.0342455
"avg_eta_os_Run2"    1    0.338161    0
"delta_p0_os_Run2"    2    0.0089394    0.00482535
"delta_p1_os_Run2"    2    0.0182596    0.0422563
"tageff_os_Run2"    2    0.408728    0.00148461
"tageff_asym_os_Run2"    2    -0.000554503    0.00503645
"p0_ss_Run2"    2    0.426806    0.00302371
"p1_ss_Run2"    2    0.776273    0.0314976
"avg_eta_ss_Run2"    1    0.40398    0
"delta_p0_ss_Run2"    2    -0.0200653    0.00363213
"delta_p1_ss_Run2"    2    0.0160608    0.0387546
"tageff_ss_Run2"   2    0.699088    0.00138429
"tageff_asym_ss_Run2"    2    -0.00362549    0.00469555
"production_asym_Run2"   2    0.000744349    0.00522936

"offset_sigma_dt_Run2"			1	0.0116	0.0016
"scale_sigma_dt_Run2"			1	0.877	0.040
*"offset_sigma_dt_Run2"			1	0.0068	0.0016
*"scale_sigma_dt_Run2"			1	0.797	0.040
*"offset_sigma_dt_Run2"			1	0.0101	0.0016
*"scale_sigma_dt_Run2"			1	0.959	0.040

"offset_sigma_dt_Run2_17"		1	0.0065	0.0014
"scale_sigma_dt_Run2_17"		1	0.961	0.036
*"offset_sigma_dt_Run2_17"		1	0.0001	0.0014
*"scale_sigma_dt_Run2_17"		1	0.957	0.036
*"offset_sigma_dt_Run2_17"		1	0.0056	0.0014
*"scale_sigma_dt_Run2_17"		1	1.012	0.036

"offset_sigma_dt_Run2_18"		1	0.0085	0.0014
"scale_sigma_dt_Run2_18"		1	0.964	0.037
*"offset_sigma_dt_Run2_18"		1	-0.0006	0.0015
*"scale_sigma_dt_Run2_18"		1	1.078	0.041
*"offset_sigma_dt_Run2_18"		1	0.0093	0.0011
*"scale_sigma_dt_Run2_18"		1	0.994	0.029

"offset_mean_dt_Run1"		2	-0.0012 0.00011
"offset_mean_dt_Run2"		2	-0.00217 0.00160
"offset_mean_dt_Run2_17"	2	-0.00227 0.00170
"offset_mean_dt_Run2_18"	2	-0.00180 0.00170

"production_asym_Run1"	2	-0.00045 0.001
"detection_asym_Run1"	2	0.00927 	0.001	-0.02 0.02
"detection_asym_Run2"	2	0.00846 	0.001	-0.02 0.02

knot_positions 0.5 1.35 2.5 6.5 
c0_Run1_t0  2  0.308962  0.0179501
c1_Run1_t0  2  0.695581  0.030654
c2_Run1_t0  2  0.859515  0.0429553
c3_Run1_t0  2  1.09201  0.0282708
 
c0_Run1_t1  2  0.157086  0.0139734
c1_Run1_t1  2  0.419065  0.0289086
c2_Run1_t1  2  0.801819  0.0473684
c3_Run1_t1  2  1.09981  0.0336848

c0_Run2_t0  2  0.292175  0.00821736
c1_Run2_t0  2  0.68721  0.0153311
c2_Run2_t0  2  0.857298  0.0221043
c3_Run2_t0  2  1.07072  0.0147858

c0_Run2_t1  2  0.123142  0.00632607
c1_Run2_t1  2  0.41849  0.0147833
c2_Run2_t1  2  0.739411  0.0233764
c3_Run2_t1  2  1.05611  0.0180929

"ConstrainMulti_Acc"     "Gamma dGamma c0_Run1_t0 c1_Run1_t0 c2_Run1_t0 c3_Run1_t0 c0_Run1_t1 c1_Run1_t1 c2_Run1_t1 c3_Run1_t1 c0_Run2_t0 c1_Run2_t0 c2_Run2_t0 c3_Run2_t0 c0_Run2_t1 c1_Run2_t1 c2_Run2_t1 c3_Run2_t1 "

"ConstrainMulti_Acc_corr"     "1 -0.08 -0.127623 -0.164992 -0.124552 -0.0923504 -0.0823389 -0.101632 -0.107726 -0.0681961 -0.266165 -0.31795 -0.244415 -0.167138 -0.143883 -0.205437 -0.195842 -0.153825 1 0.0453719 0.0592331 0.0505084 0.0655858 0.0278364 0.0357829 0.0424556 0.0485322 0.0929973 0.11576 0.0976343 0.119676 0.051156 0.0747181 0.0774595 0.108639 1 0.0705498 0.492856 0.0102336 0 0 0 0 0 0 0 0 0 0 0 0 1 0.0171747 0.212695 0 0 0 0 0 0 0 0 0 0 0 0 1 -0.266595 0 0 0 0 0 0 0 0 0 0 0 0 1 0 0 0 0 0 0 0 0 0 0 0 0 1 0.0868565 0.366864 0.0430368 0 0 0 0 0 0 0 0 1 -0.0358524 0.213808 0 0 0 0 0 0 0 0 1 -0.235966 0 0 0 0 0 0 0 0 1 0 0 0 0 0 0 0 0 1 0.251536 0.453655 0.0503298 0 0 0 0 1 0.109913 0.201618 0 0 0 0 1 -0.245758 0 0 0 0 1 0 0 0 0 1 0.0364339 0.331048 0.0417582 1 -0.0670835 0.232007 1 -0.245921 1 "

"ConstrainMulti_Tagging_Run1"     "p0_os_Run1 p1_os_Run1 tageff_os_Run1 p0_ss_Run1 p1_ss_Run1 tageff_ss_Run1 "

"ConstrainMulti_Tagging_Run1_corr"     "1 0.0598188 1.28506e-05 -0.0555866 0.0538971 -8.67273e-07 1 -9.53308e-06 0.00740506 -0.0897808 6.20678e-07 1 -2.3826e-06 -6.88822e-06 -1.99375e-07 1 0.0448262 3.14272e-08 1 1.25323e-07 1 "

"ConstrainMulti_Tagging_Run2"     "p0_os_Run2 p1_os_Run2 tageff_os_Run2 p0_ss_Run2 p1_ss_Run2 tageff_ss_Run2 "

"ConstrainMulti_Tagging_Run2_corr"     "1 0.0771386 1.3358e-06 -0.0367555 0.0249876 -5.70586e-06 1 3.1578e-07 0.0127675 -0.010221 2.92758e-05 1 2.25725e-07 -1.66085e-06 1.42889e-06 1 0.0762792 4.33116e-08 1 -3.3546e-06 1 "

***
*"ConstrainMulti_Tagging_Run1"     "p0_os_Run1 p1_os_Run1 delta_p0_os_Run1 delta_p1_os_Run1 tageff_os_Run1 tageff_asym_os_Run1 p0_ss_Run1 p1_ss_Run1 delta_p0_ss_Run1 delta_p1_ss_Run1 tageff_ss_Run1 tageff_asym_ss_Run1 "

*"ConstrainMulti_Tagging_Run1_corr"     "1 0.0711624 -0.000119544 -0.00321576 -0.000504657 -0.0105 -0.0563653 0.0611242 0.00133581 -0.00376194 0.00306093 0.00326963 1 -0.00718163 -0.0235135 0.00247988 0.00655349 0.0114069 -0.137639 0.00304631 -0.0049226 -0.0210573 -0.00233405 1 -0.00143944 -0.00294744 -0.190732 -0.00501312 0.00284965 0.0113211 -0.0138385 -0.000618066 -0.0085766 1 0.0027314 0.186519 0.00335912 -0.00273986 -0.0103121 0.0132544 0.00178557 0.000517889 1 0.0169034 0.000268191 0.00138099 -4.66147e-05 6.38646e-05 0.000777811 0.000633574 1 0.0237374 -0.0110844 -0.00772414 0.00879669 0.00117816 0.0395465 1 0.0477902 -0.0183872 -0.00628032 0.00118601 0.00146542 1 -0.00906965 -0.00627933 -0.0138895 0.00659476 1 0.0099088 -0.000524186 -0.078863 1 0.000463757 0.0935331 1 0.0136294 1 "

*"ConstrainMulti_Tagging_Run2"     "p0_os_Run2 p1_os_Run2 delta_p0_os_Run2 delta_p1_os_Run2 tageff_os_Run2 tageff_asym_os_Run2 p0_ss_Run2 p1_ss_Run2 delta_p0_ss_Run2 delta_p1_ss_Run2 tageff_ss_Run2 tageff_asym_ss_Run2 production_asym_Run2 "

*"ConstrainMulti_Tagging_Run2_corr"     "1 0.0802742 0.00110405 0.00187678 -0.000460503 0.00333209 -0.0368067 0.026678 -0.00116829 0.00104494 0.000910338 0.00647816 0.00310111 1 -0.000100325 -0.0124645 0.00194816 -0.00135757 0.0136265 -0.0185665 0.00216848 -0.00198245 -0.00436611 -0.0135363 -0.00147141 1 -0.00249686 1.36065e-05 -0.202956 -0.00254151 0.00271626 0.036405 -0.0341305 -0.00122382 -0.00635498 -0.175278 1 -0.000129566 0.139145 0.00334255 0.000286921 -0.0250023 0.0240524 0.000950391 0.00209226 0.120701 1 -0.000639995 -0.000257433 0.00108853 -9.63353e-05 -3.24575e-05 0.000561345 -0.000207284 0.000404586 1 0.00393719 -0.00609234 0.0011139 -0.00683857 -8.39104e-05 0.0318352 -0.0116628 1 0.0768072 -0.00729863 0.00808419 0.00035162 0.000856564 0.00254004 1 0.00789394 -0.0191461 -0.00263506 -0.00343349 -0.00616422 1 0.0119911 -0.000687048 -0.08458 -0.136514 1 0.000655163 0.0819205 0.132811 1 -0.000370474 0.00463764 1 -0.00860533 1 "


***
*knot_positions 0.609149 0.977136 1.28494 1.63883 2.07668 2.62627 3.45981 6.98834 

*c0_Run1_t0  2  0.479483  0.0248341
*c1_Run1_t0  2  0.65564  0.0425166
*c2_Run1_t0  2  0.731016  0.0618956
*c3_Run1_t0  2  0.777067  0.0611002
*c4_Run1_t0  2  1.09614  0.0709194
*c5_Run1_t0  2  0.850353  0.0570269
*c6_Run1_t0  2  1.09623  0.0663264
*c7_Run1_t0  2  1.07298  0.0386882

*c0_Run1_t1  2  0.26999  0.0214263
*c1_Run1_t1  2  0.391696  0.0371814
*c2_Run1_t1  2  0.481953  0.0568241
*c3_Run1_t1  2  0.733398  0.0628349
*c4_Run1_t1  2  0.814973  0.0768231
*c5_Run1_t1  2  0.965641  0.0701555
*c6_Run1_t1  2  0.989328  0.0815785
*c7_Run1_t1  2  1.0995  0.0445225

*c0_Run2_t0  2  0.467302  0.0129987
*c1_Run2_t0  2  0.650417  0.020865
*c2_Run2_t0  2  0.633701  0.0298857
*c3_Run2_t0  2  0.913213  0.0317388
*c4_Run2_t0  2  0.892684  0.0351997
*c5_Run2_t0  2  0.950345  0.0304293
*c6_Run2_t0  2  1.05683  0.0362462
*c7_Run2_t0  2  1.04407  0.0204319

*c0_Run2_t1  2  0.23622  0.00790257
*c1_Run2_t1  2  0.364531  0.0154093
*c2_Run2_t1  2  0.489881  0.0296698
*c3_Run2_t1  2  0.685446  0.029787
*c4_Run2_t1  2  0.751995  0.0386733
*c5_Run2_t1  2  0.851912  0.0321624
*c6_Run2_t1  2  0.971957  0.041847
*c7_Run2_t1  2  1.04259  0.0246765