1725210387	94328	5112.33	5018.28	2	-411
2280398172	94328	5086.39	4724.53	1	411
1777053562	98022	4951.63	3559.28	0	-411
2860363738	99903	5724.4	1622.1	3	-411
2402241447	98286	5786.82	2731.47	1	-411
370745255	98286	4906.76	5793.88	1	-411
259238633	91963	5179.94	7851.23	0	411
955593707	101860	5130.45	11061.6	0	-411
896440826	101860	5402.07	2381.84	5	-411
1014760710	96293	4832.32	5794.68	1	411
1423972103	102769	5042.21	4369.01	1	-411
1423972103	102769	5042.21	4369.01	1	-411
581633872	102769	4911.25	5154.29	0	411
1442925480	93119	5379.04	5320.39	0	411
101851975	102295	4955.53	6726.19	1	411
585521773	98019	4955.18	15585.2	1	411
1061692991	98019	5382.47	6984.35	4	411
2724815780	102388	4869.57	7783.04	2	411
51819047	94343	5305.24	13910.1	1	411
51819047	94343	5305.24	13910.1	1	411
648080237	98371	4970.66	7929.81	8	-411
674439330	98371	5248.24	11480.9	5	411
477169834	103375	4897.83	8121.9	1	411
90661395	90272	5297.61	2892.62	0	-411
15964583	96608	4889.85	11340.4	4	411
957578233	98193	5268.13	3292.31	4	-411
886493942	96633	5243.67	14302.3	0	411
1129520801	96633	5757.99	7306.91	4	411
1355842394	93438	5067.2	3401.37	0	-411
10655940	93438	5036.29	4612.01	1	-411
1672969861	93438	5038.29	6693.42	0	411
334779966	102857	5061.17	11715.6	3	411
1370598463	101905	5280.06	3861.79	1	-411
1131405534	103515	5360.47	6550.64	0	-411
1262002213	97824	5763.5	5318.02	0	-411
806048233	97119	5277.45	6740.93	0	-411
1149406155	94321	5244.93	8107.93	1	-411
2655383027	104138	5064.43	4448.69	1	411
1403199916	92056	5187.85	11181.9	0	-411
1403199916	92056	5187.85	11181.9	0	-411
1091572589	98034	5199.94	6236.87	0	-411
349323794	98034	5271.89	5077.85	3	411
570669220	94365	5001.02	4323.62	0	411
1762098598	94222	5258.17	11305.5	0	-411
1042814702	103151	5187.2	1875.49	0	411
2450859063	98295	5378.55	4499.08	0	-411
1055435104	96291	5079.27	2923.02	0	-411
613717123	98108	5312.23	3833.99	4	-411
561013313	102153	5083	7292.85	0	411
1550834887	98327	4875	5067.29	2	-411
766842754	103326	5359.73	7900.38	1	411
766842754	103326	5359.73	7900.38	1	411
1859633913	103326	5363.77	8504.52	0	-411
1859633913	103326	5363.77	8504.52	0	-411
100606567	93846	4889.01	3423.63	2	411
1916132400	93516	5386.73	8094.37	0	-411
817079640	102904	4904.26	4994.37	0	-411
1228218423	96244	5150.65	11391.7	4	411
1228218423	96244	5150.65	11391.7	4	411
255881618	96744	5294.18	6935.74	2	411
1041185857	98063	5145.29	4677	4	411
1041185857	98063	5145.29	4677	4	411
910475721	102790	5605.87	7533.58	4	411
910475721	102790	5605.87	7533.58	4	411
1050664879	102206	5339.9	5418.42	0	411
717198185	101671	5494.59	8495.38	1	411
421818276	103682	5025.58	1889.48	9	411
997878061	103682	4835.78	7219.39	2	411
233432377	103140	5314.94	5890.82	1	411
1452205458	89979	5534.65	3164.31	9	411
423894854	89979	4953.06	5410.07	0	-411
2748493375	101861	4877.25	14724.8	1	411
2063475599	96630	4933.19	4284.87	1	-411
1157343385	102143	4844.28	6960.34	0	-411
317689537	102143	5399.98	5936.59	2	-411
931504521	98646	4921.09	8620	0	411
448324897	103149	5320.37	5729.42	0	411
1489837633	102767	5052.76	4620.86	0	411
297034875	92229	5421.94	2841.1	3	411
313421779	96817	5445.05	2796.57	5	411
1539148421	103360	5025.18	2934.13	0	-411
447929553	92112	5311.68	4024.46	1	411
987099779	92112	5025.92	1507.48	0	-411
880086237	92112	5336.77	7675.65	1	411
585373380	103143	5684.33	9673.38	1	-411
1309790522	103143	5256.04	4335.94	2	411
1287389578	102755	5688.32	3062.17	8	411
929263068	102755	5361.89	4575.74	1	-411
206254316	97858	4842.17	10628.1	2	411
397264282	89351	5670.4	2017.77	0	-411
408050983	89351	4961.54	5441.83	1	-411
111225678	98297	5272.6	9051.69	0	411
520992153	102806	5757.45	13685.4	2	411
264126456	98189	5010.32	4617.26	5	411
792595785	93103	5108.45	5594.09	2	411
770608497	91929	5354.93	8964.28	3	411
2008299036	94225	5251.89	5391.57	3	411
739709172	103318	4877.56	5323.49	1	411
488530908	91921	5109.41	8495.09	1	411
322407388	93587	5676.53	9600.25	1	-411
1066803970	98225	5383.32	1632.35	2	411
369703241	93565	4977.22	1669.16	1	411
1499719902	102006	5369.04	6061.04	0	-411
1289059445	92894	5031.93	5830.48	2	411
1201209048	92894	5116.76	3249.45	4	-411
1228350893	93257	5040.49	7557.46	0	411
114464227	92894	5166.27	1901.62	2	411
537141117	92894	5453.55	23067.1	2	-411
364927479	102585	5322.18	5925.75	1	-411
1814072221	92672	4872.46	12682.1	2	-411
903647121	90164	5125.98	3053.36	0	411
2371887011	98125	5061.47	5025.16	1	-411
2142519477	102090	4997.75	4595.69	0	411
50288215	99723	5947.45	12342	0	411
682197556	92979	5338.83	2641.24	2	411
823740920	92979	5262.4	11107.2	1	-411
141251993	92979	5079.43	5312.14	1	-411
141251993	92979	5079.43	5312.14	1	-411
626438998	93442	4825.34	6678.89	1	-411
2868374111	102008	5028.06	7236.97	1	411
2011884635	92618	5123.46	6472.3	0	411
84438284	102384	5419.14	5344.62	0	411
91613367	92840	5387.55	2719.5	1	-411
447329786	92227	5431.75	5682.64	0	-411
947244835	90570	5199.28	6204.32	0	411
731461754	90570	5031.44	11133.1	5	411
2646408314	102437	4818.48	3525.45	0	-411
1436181283	102437	5348.92	2204.16	0	411
1436181283	102437	5348.92	2204.16	0	411
1436181283	102437	5348.92	2204.16	0	411
97648439	102437	5272.56	6309.34	1	411
97648439	102437	5272.56	6309.34	1	411
2542365472	102437	4940.79	2543.05	9	411
1916108967	102437	5380.01	4817.83	3	-411
1916108967	102437	5380.01	4817.83	3	-411
1344059214	93479	5451.69	6311.52	4	-411
1674428779	98378	4919.94	3115.27	2	411
2345997149	98378	5211.19	6706.91	6	411
2345997149	98378	5211.19	6706.91	6	411
2345997149	98378	5211.19	6706.91	6	411
2345997149	98378	5211.19	6706.91	6	411
404527896	103379	5045.54	4428.97	3	411
509733975	89414	5157.69	3670.74	1	-411
836861008	89961	5341.91	6523.78	2	411
1477705718	98645	5034.58	7462.79	0	-411
2662529950	101775	4812.99	7632.45	1	411
2025454339	96970	5587.72	2747.69	8	-411
733785055	96970	5586.17	1943.59	0	411
2693630903	102506	5364.99	5377.6	2	411
248468052	92906	5184.6	3553.15	1	-411
1362274640	92906	5125.41	7008.58	3	-411
1362274640	92906	5125.41	7008.58	3	-411
422188986	90562	4989.36	7643.28	2	-411
422188986	90562	4989.36	7643.28	2	-411
1374365479	101503	5642.13	14860	3	411
1849395792	102756	5245.08	7116.93	1	411
1306744947	94000	5457.77	8564.14	1	411
402301758	98610	5130.72	3620.72	0	-411
1217055405	103394	5085.09	2436.18	1	-411
2257384869	99623	4868.27	9036.85	3	-411
1851684394	101772	5404.04	7856.52	0	-411
505493885	98904	5139.11	8589.18	0	411
546068629	98038	5038.54	2518.81	1	-411
101697250	103317	5071.63	8384.36	0	411
2040165585	93067	5376.93	2140.9	1	411
2306358851	93067	4895.5	4602.71	16	-411
724534851	102590	5116.03	7876.28	5	411
1546881906	92223	4824.8	7103.04	0	-411
2567604247	96759	5100.39	4287.28	1	-411
481008102	94376	5181.75	2068.32	2	411
392951792	96761	5214.83	3141.96	0	-411
241759410	92859	5214.88	5250.35	6	411
241759410	92859	5214.88	5250.35	6	411
2042896308	94323	5258.4	4909.74	1	-411
833023597	92568	4833.12	4856.26	0	411
2311653864	102452	5093.27	8955.56	12	-411
1037622020	98379	5360.64	8653.71	0	411
160777308	92527	5021.04	5974.05	3	411
160777308	92527	5021.04	5974.05	3	411
160777308	92527	5021.04	5974.05	3	411
213441316	103556	5052.96	9757.23	0	-411
1153030620	101899	5154.57	2535.8	1	411
145036373	101854	5626.73	3659.97	6	411
298492735	93270	5150.71	3558.86	3	-411
38167536	97771	4998.07	6565.32	1	411
499672109	92314	5379.32	6502.37	1	-411
990711585	92003	5373.17	1622.29	2	411
990711585	92003	5373.17	1622.29	2	411
990711585	92003	5373.17	1622.29	2	411
687596328	102798	5372.99	3266.02	0	411
1121595181	90407	4989.88	4453.96	2	411
1121595181	90407	4989.88	4453.96	2	411
1761267744	102291	5331.67	4468.41	2	411
199664724	90035	5082.69	5048.5	0	411
2571059807	102549	5214.83	3793.99	1	411
939668783	96557	5222.49	3428.83	8	411
939668783	96557	5222.49	3428.83	8	411
1010022594	96557	5037.34	3231.6	3	-411
2051794751	103362	5728.78	2133.94	0	-411
490891968	103362	5294.33	14867.8	3	411
569666394	92596	5451.55	2771.8	14	411
569666394	92596	5451.55	2771.8	14	411
1740519549	101781	5020.07	10742.9	2	-411
71765922	100163	5225.82	7226.96	0	-411
71765922	100163	5225.82	7226.96	0	-411
1348579829	100163	4955.59	15763.3	3	411
1490309987	103160	5198.08	6334.21	2	-411
1490309987	103160	5198.08	6334.21	2	-411
395627632	102800	4905.96	3386.65	0	411
1045446367	102800	5242.05	3173.33	0	-411
2015326382	97221	5350.09	3989.61	3	-411
2104094784	98038	5138.11	2371.73	4	-411
2104094784	98038	5138.11	2371.73	4	-411
1814710775	94234	4875.64	4246.81	0	411
88997361	101629	4831.72	7272.12	3	411
1301442337	101629	5050.76	5067.15	8	-411
944893678	96298	5489.52	4201.45	0	411
1396296855	93117	5201.27	5857.09	2	-411
1849760603	96947	4938.45	6586.55	0	-411
1849760603	96947	4938.45	6586.55	0	-411
460240181	94220	4969.06	6476.52	3	411
1868048416	94220	5349.68	2138.14	1	-411
232898229	89527	4879.04	4289.78	1	411
1013114220	100163	5344.22	3131.53	0	411
364851917	100163	5472.11	7271.41	0	411
357802284	93099	5307.19	3750.88	0	-411
1199290326	102896	4812.37	5816.63	4	411
681378199	103180	5371.91	8670.18	2	-411
35884505	98217	5295.49	4446.13	2	-411
35884505	98217	5295.49	4446.13	2	-411
449037796	98217	4807.69	5705.81	1	-411
250480040	98217	4920.5	2056.41	1	411
719477183	93448	5622.39	12655.6	0	411
375252366	102324	5203.49	4607.69	9	-411
1215782068	102324	4915.84	3187.64	3	411
770102917	99903	5374.34	7921.24	0	411
1206570944	91996	5160.66	2502.03	1	411
1566253492	102859	5152.06	3881.23	0	-411
1566253492	102859	5152.06	3881.23	0	-411
52510756	97024	5373.47	4973.02	1	-411
2429674684	96759	4906.73	7677.62	1	-411
224155225	96759	5265.35	5916.42	1	411
1405340488	98220	4823.33	3496.65	3	411
1470618354	93522	5014.04	10103	0	-411
294132024	98220	5383.27	4336.38	7	-411
888663806	98220	5081.05	3587.35	0	-411
993019338	102452	4967.33	5068.46	1	411
641880891	94329	4898.35	3152.12	1	411
1238489735	92162	5369.73	12313.1	1	-411
748684290	90207	5068.1	1736.31	0	411
283948386	98854	5826.55	1668.15	11	411
874519293	98227	4963.95	8751.74	1	-411
1537980516	98227	4833.39	2875.18	1	-411
794649936	90315	5046.75	6101.82	2	-411
157754806	103378	5386.18	5444.99	7	411
980512633	96946	4837.87	8429.69	0	-411
1372476907	96946	5402.72	7213.1	2	411
399925726	96946	4951.25	3106.41	4	-411
1314341708	90641	5331.42	7001.46	2	411
1600327917	90641	5709.02	2916.03	2	-411
1600327917	90641	5709.02	2916.03	2	-411
1982255949	94009	4920.4	8257.32	0	411
979264752	100043	4907	2874.93	5	-411
764804289	94217	4848.1	1544.26	5	411
610906319	103149	5390.98	6321.82	0	-411
1056645707	102870	5090.47	7888.14	0	-411
978952034	98218	5367.28	5976.13	4	-411
979958431	97215	4935.42	3071.95	1	411
2661090776	102088	5363.1	5614.66	0	-411
294855441	102384	4892.99	4400.05	1	411
1563876908	93512	4883.71	3037.71	4	-411
159291693	96886	4852.39	5628.61	7	411
349764601	102088	5048.06	4645.66	0	411
1016237735	104136	5246.16	5671.11	0	-411
193500141	100203	4928.08	5631.14	1	411
193500141	100203	4928.08	5631.14	1	411
811315296	101897	5138.02	2642.16	1	-411
1578692734	103504	4997.26	4585.76	7	-411
1578692734	103504	4997.26	4585.76	7	-411
1342546269	102799	5489.66	9525.49	0	-411
813952824	97884	5369.51	11082.1	1	411
1307933609	97884	4849.14	2306.78	0	-411
588428323	92045	5410.63	5889.37	0	-411
2392041254	103396	5083.95	6413.79	0	-411
154608163	93706	4858.51	5184.45	1	411
159188730	93706	5360.67	5672.65	1	411
159188730	93706	5360.67	5672.65	1	411
40472964	90095	5307.67	2291.98	1	-411
2313019658	98327	4828.43	2818.64	8	-411
2313019658	98327	4828.43	2818.64	8	-411
1376665052	97900	5568.78	1783.52	1	411
95059327	103372	5379.46	5763.22	6	-411
95059327	103372	5379.46	5763.22	6	-411
90903789	102895	4963.37	4111.59	5	411
1147500237	96641	5287.94	8006.47	1	-411
321783727	96635	4845.49	2984.76	1	411
15574709	92172	4945.54	3116.74	1	411
836817401	98036	4893.02	8147.53	15	411
549564881	90407	5363.7	6321.37	2	411
332850514	90407	4876.77	3018.4	0	-411
2276496897	102856	5025.06	2780.97	5	411
527703476	101902	5129.31	8167.14	7	411
527703476	101902	5129.31	8167.14	7	411
2494792235	103214	5342.42	7401.9	1	411
2100427822	103214	5225.71	3608.28	3	411
544471266	98046	5514.38	2222.94	3	411
721951542	101726	5059.22	10217.4	1	411
2014780467	102006	5449.78	1813.95	1	411
339752265	98112	5080.38	4044.67	1	411
1987456209	98112	5611.88	4526.74	7	411
2013329532	98112	5133.18	9284.9	4	411
2018751551	98112	5580.43	12134.2	1	-411
2018751551	98112	5580.43	12134.2	1	-411
2828132017	103326	5759.97	2438.65	15	411
2828132017	103326	5759.97	2438.65	15	411
1623610910	97872	5025.21	7637.75	1	-411
534588422	97872	4840.45	5970.98	2	-411
31367768	98852	4932.47	3948.03	4	-411
31367768	98852	4932.47	3948.03	4	-411
187177878	96790	5387.84	6642.21	0	-411
1220692584	98044	4899.7	9262.84	0	411
1422343359	98044	5322.43	2653.49	1	411
2311010755	101772	4964.17	5887.29	0	411
706028532	101772	5194.3	8241.36	1	411
1026605541	102379	4994.68	7070.87	1	-411
625720172	92972	5615.18	1748.76	4	411
572372678	101666	5175.69	2965.12	0	411
572372678	101666	5175.69	2965.12	0	411
1457958490	97227	5130.63	12410.3	2	-411
1961919965	97227	5250.43	6151.14	0	-411
191403516	102237	5319.2	1659.34	0	-411
57012966	87731	5358.24	7678.86	1	-411
62054605	92525	4901.47	3734.48	21	-411
2088761712	103319	5393.12	9267.27	2	-411
2499156553	103319	5145.42	11421.2	0	411
931500762	92567	5160.31	7935.77	2	-411
2111594721	92567	4927.97	12371.6	2	411
1195936836	91999	5062.61	7291.44	3	411
1195936836	91999	5062.61	7291.44	3	411
1195936836	91999	5062.61	7291.44	3	411
1375858566	91999	5161.63	3052.74	0	-411
1742280266	92567	4988.58	8162.03	1	411
141765794	87769	5376.97	22164.3	12	-411
151903286	92220	4999.39	2913.12	0	-411
611183545	92220	5558.25	4703.12	0	-411
200725626	93409	5344.53	6121.39	1	411
189435246	92556	5440.87	2705.48	30	411
189435246	92556	5440.87	2705.48	30	411
194569633	92556	5077.8	4123.95	2	-411
194569633	92556	5077.8	4123.95	2	-411
1151677886	101776	5116.29	7127.05	3	411
1789692892	102183	5380.04	4336.7	5	411
1346963563	98065	5146.87	1434.82	2	411
603547148	96607	5384.32	7505.08	16	411
856868940	92858	5496.9	8035.15	4	-411
856868940	92858	5496.9	8035.15	4	-411
856868940	92858	5496.9	8035.15	4	-411
1956255116	96628	5163.49	9313.66	1	411
1328653526	96628	5022.8	7993.88	3	-411
1890108933	96809	4883.48	3816.85	0	411
1890108933	96809	4883.48	3816.85	0	411
41655637	96743	5710.56	7177.81	1	411
28299289	96841	5205.13	3227.39	12	411
598948148	96841	5343.95	3554.47	2	-411
106359138	96810	5359.38	5956.78	0	-411
1797897126	102153	5344.7	9785.24	0	-411
1355210014	102153	5192.19	8872.37	2	411
811629738	96219	5348.04	3118.2	0	411
1304320863	90560	5257.52	3491.52	3	411
2727466689	101905	4977.39	5213.47	0	411
1169789834	99844	5015.57	1922.43	1	-411
913317982	92717	5705.24	3986.54	4	411
368945463	93587	5486.26	2276.39	9	411
719680765	92717	5129.46	6297.98	0	411
719680765	92717	5129.46	6297.98	0	411
1177691970	92717	4923.76	2707.2	1	-411
234075317	92717	5280.75	3860.83	1	411
618201501	102384	5231.64	6122.18	3	411
804132258	103336	5372.71	3328.59	3	-411
841800975	101410	4889.2	3520.27	2	411
841800975	101410	4889.2	3520.27	2	411
841800975	101410	4889.2	3520.27	2	411
2158420997	103336	5290.33	3932.45	2	-411
836912501	92720	4944.32	2485.18	13	-411
836912501	92720	4944.32	2485.18	13	-411
12439476	93797	5158.79	5543.01	3	411
385519967	93797	5154.42	12355.3	2	-411
1724969631	93797	4952.11	15386.7	9	411
2154152480	93797	4858.81	3656.23	7	411
1649953067	93990	5392	5560.86	2	411
594564835	97025	4942.41	2777.88	2	411
368137359	97025	5517.01	3185.97	3	-411
395561666	92219	4815.94	4046.33	2	-411
735817180	92219	5345.67	7286.55	3	-411
15581198	99724	5059.27	6503.86	2	411
1543759712	93278	4934.06	7475.52	4	411
207875808	102059	5046.63	7908.78	0	-411
921538822	94012	4892.91	2986.06	0	411
1401806040	102152	5143.29	4330.35	6	411
1401806040	102152	5143.29	4330.35	6	411
813823912	102152	4862.17	8826.07	0	411
331844587	93999	5364.23	5579.6	1	-411
169832817	93272	5314.68	2858.66	3	411
701684791	102091	5054.82	5711.86	0	-411
556802029	93512	5336.53	6021.62	0	-411
1301172063	92654	5063.28	6394.64	1	411
1604264215	98295	4895.3	6422.91	0	411
2677441952	102083	5129.36	3272.93	0	411
1195789880	93593	4997.66	14061.7	0	-411
45164523	102159	5601.75	6472.27	1	-411
219380053	87966	4805.66	3929.48	2	-411
56402230	92599	5338.83	2134.52	0	-411
297466939	101741	5371.88	3728.73	1	-411
444012001	102390	5282.28	6338.33	1	-411
444796134	99725	5220.33	11266.6	0	411
395647710	96624	5158.4	3314.68	2	411
998631099	96818	5498.25	12040	2	-411
2521140491	97893	5035.64	3904.14	1	-411
192449569	96634	4958.26	5771.2	2	411
1541492960	93794	4921.97	6312.87	0	-411
525805524	102394	4917.48	22947.5	0	411
37705621	101744	5369.26	2606.03	1	411
2047435740	97121	5092.66	10646.2	9	411
2914143999	103337	5945.58	4908.31	2	411
1773839385	92895	5126.39	7213.43	0	411
2256767927	102551	4963.87	3861.93	1	-411
313901759	87880	5248.76	3038.12	0	-411
31057991	97859	5357.63	1460.49	1	-411
315474485	97859	5612.46	11673.4	1	411
315474485	97859	5612.46	11673.4	1	411
366389404	92950	5095.08	4723.64	0	411
366389404	92950	5095.08	4723.64	0	411
309436239	98608	5105.05	5486.85	3	411
917725254	103396	5149.84	4729.8	0	-411
906304841	93443	5216.04	2875.09	1	-411
1058372064	103374	5343.22	4049.76	3	411
1345560127	96970	5046.1	13168.5	1	411
2864847176	100003	4837.32	3005.99	0	411
2198727949	102207	5364.49	4399.66	0	-411
700353304	102207	4929.43	16403.4	2	411
767517949	93477	5277.56	6368.8	0	411
595639132	94295	5018.5	4593	10	411
252022217	102898	5367.28	1907.9	0	-411
606216645	96608	4853.5	4906.31	1	411
693701114	93465	5364.2	10924.2	1	-411
693701114	93465	5364.2	10924.2	1	-411
1198764	102085	5281.21	3440.5	2	-411
1029126305	92039	4809.74	3972.22	5	411
510272536	98020	5238.87	11566.6	1	-411
106426055	102010	5111.43	3275.01	0	-411
106426055	102010	5111.43	3275.01	0	-411
106426055	102010	5111.43	3275.01	0	-411
203896384	102010	5161.59	3136.01	3	411
2137746597	98654	5218.61	2532.58	0	411
462481992	93997	5032.95	6029.92	0	411
731316753	93057	4924.75	7792.82	1	-411
731316753	93057	4924.75	7792.82	1	-411
69159916	103511	5043.76	5060.93	1	411
2786264063	102084	4844.05	3377.66	0	-411
106180185	90268	5256.18	6580.92	6	411
1643704671	101765	5070.28	5767.29	0	-411
832399977	101766	5210.88	6045.27	1	411
2166038018	99623	4905.44	19392.3	0	-411
131737995	99623	4848.81	7891.6	2	411
590936765	90325	4958	7747.62	0	-411
855928524	90325	5076.53	5650.29	0	-411
118105234	97223	5867.89	4419.44	2	411
857430628	90159	5336.18	7256.05	0	-411
1624262387	94360	5400.3	11327.9	0	411
1652338052	101786	4945.33	6603.08	3	-411
129407708	102433	4938.05	4211.53	0	-411
161643050	89986	5226.61	12244.6	1	-411
146253187	101859	4856.11	4974.31	1	-411
2411316428	92560	5032.49	7945.1	0	-411
2411316428	92560	5032.49	7945.1	0	-411
899830054	96276	5123.64	3814.77	0	-411
1460396144	93801	5013.61	2965.01	4	-411
760278625	103679	5360.08	2419.71	3	-411
2181386636	96740	5104.09	2983.93	6	411
874797335	103157	5149.51	13163.8	2	411
526244917	98376	4940.99	6708.35	2	411
526244917	98376	4940.99	6708.35	2	411
995412974	98376	5335.16	3121.08	4	411
277094112	101762	5175.81	12578	7	411
2807574639	99663	5138.46	4436.07	1	411
790337728	97889	5212.46	4625.55	4	411
790337728	97889	5212.46	4625.55	4	411
925507193	87977	5255.38	4326.78	2	411
449699999	87977	5153.67	1357.71	1	411
299688707	98022	5327.94	3823.67	0	-411
2768085158	98227	5026.06	3448.34	6	411
782384400	97875	5270.47	2296.4	0	-411
985047824	93469	4960.73	5474.93	0	411
906986272	90645	5196.59	8431.35	1	-411
906986272	90645	5196.59	8431.35	1	-411
906986272	90645	5196.59	8431.35	1	-411
2710147059	97812	5314.34	1988.32	4	-411
1915734224	97812	5428.81	6835.57	0	-411
167417896	101529	5358	2502.82	1	-411
286831724	96634	5246.86	5339.36	3	-411
1647716605	92553	5669.16	3604.03	1	-411
1912627690	93067	5105.36	6675.41	1	-411
241865939	93517	5279.11	4358.27	0	-411
1255235550	93517	4976.28	8840.4	0	-411
1893498255	98220	5336.47	16689.4	7	411
1893498255	98220	5336.47	16689.4	7	411
2491009177	97787	5262.61	5019.71	0	-411
1528169437	97787	4909.15	5620.13	17	411
521569184	97919	5055.63	5573.13	0	-411
545413007	87967	5268.73	6843.77	1	411
726536161	93055	5362.9	3182.75	1	411
184653154	92174	5376.98	4922.41	1	-411
2266015793	96970	5281.57	5126.47	1	-411
2328663214	102800	5371.6	16118.9	0	-411
1662866180	94228	5319.18	2116.73	1	411
2541710265	92314	5308.68	7280.45	1	-411
1831770993	97891	5026.51	12623.7	0	-411
2594739742	102790	5374.39	5931.98	1	-411
139650489	90639	4867.73	3415.7	1	-411
473610362	96767	4822.21	2041.08	2	411
108219387	92008	5242.45	6130.74	2	-411
269453563	98123	5477.96	2954.44	1	-411
910424085	93696	5098.56	4100.07	0	411
1842339078	98294	4808.58	8924.2	2	411
233943400	101779	5282.97	4382.66	0	411
1288713510	87973	5307.23	11864.7	1	-411
678814390	102388	5209.64	10360.6	0	-411
887140035	94011	5090.17	6363.06	1	-411
813562791	98031	4919.58	3381.2	0	411
1607335856	101638	4844.4	2950.59	0	411
346180157	93716	4895.05	5404.4	1	-411
233345206	102860	4908.69	2612.52	2	411
332002624	101672	5364.2	10418.1	0	411
1012281378	101672	5139.6	7460.14	0	-411
249237309	93183	4990.32	3817.95	1	411
249237309	93183	4990.32	3817.95	1	411
1502990823	92842	5076.53	5765.53	0	-411
1463467839	103334	5177.03	3980.41	0	-411
133828900	103151	5365.22	3196.97	1	-411
2874156878	103151	5164.42	4429.76	2	411
188023257	101905	5375.47	2130.09	0	-411
78165861	89348	5403.69	3851.06	0	411
34109968	90164	5401.73	1092.48	1	-411
1079161974	97890	5251.1	8101.08	1	411
189578743	101901	5057.9	7382.54	0	-411
48053180	101413	5380.49	8859.57	2	411
2243597573	94216	4882.61	7665.24	3	411
2243597573	94216	4882.61	7665.24	3	411
2243597573	94216	4882.61	7665.24	3	411
1367795885	101408	5101.68	6890.68	1	-411
78282825	93109	5102.11	3884.98	2	-411
2024555342	94367	5669.44	5139.72	2	411
340365221	94320	5238.69	2266.89	0	411
111004923	93722	5201.39	6773.97	1	411
1139131023	98944	5180.89	3371.76	1	411
300003553	92528	5361.82	7463.31	1	411
902962973	92893	5152.66	7741.77	2	-411
524403504	92893	5205.64	2697.63	2	-411
953443270	98944	5472.77	2153.02	1	-411
535717825	102004	5213.02	4946.42	4	411
1603953406	102004	4961.36	1794.49	0	411
1179470765	102004	5812.75	1570.38	6	411
2643747469	102597	5683.81	5656.79	0	411
2523778790	102597	5382.64	8568.55	10	-411
348342994	92058	5202.17	5151.99	1	-411
1440640901	93994	5352.26	5520.08	3	-411
334832551	96245	5476.57	3660.9	1	411
2374648133	97877	4817.18	4758.58	3	411
835161513	93707	4913.64	4886.59	2	-411
835161513	93707	4913.64	4886.59	2	-411
1446295579	96278	5522.33	5383.39	1	411
25789430	98641	5168.01	4644.93	9	411
361313284	97903	5539.72	2587.24	0	411
2142042094	97903	5332.42	2536.42	14	411
2148058360	97903	4974.88	6555.01	0	411
1982504785	94321	5343.26	3363.98	1	411
1112763506	102377	5142.54	1819.65	1	-411
1112763506	102377	5142.54	1819.65	1	-411
1090137188	100003	5125.44	6070.75	2	411
164172835	97867	5235.3	13255.3	12	-411
164172835	97867	5235.3	13255.3	12	-411
933215194	98068	5404.61	15106.2	0	-411
1043692115	99725	5255.74	3569.2	7	411
153148710	97875	5745.98	2144.83	1	411
589377672	97482	5709.17	4281.33	2	-411
589377672	97482	5709.17	4281.33	2	-411
2197933661	97338	5357.77	4811.94	2	-411
2197933661	97338	5357.77	4811.94	2	-411
558285037	97783	5066.72	6198.44	1	411
1663433771	103550	4969	10255.5	1	411
1663433771	103550	4969	10255.5	1	411
187652108	101907	5294.34	3053.98	0	-411
1546726931	98039	5158.13	4109.06	3	411
1666901484	103513	5067.11	8188.56	5	411
686984182	102399	5205.33	1749.8	3	411
2690317130	102007	5096.66	3822.43	0	411
1242460397	102422	5045.79	1872.76	0	-411
41109407	98904	5005.69	5102.12	1	411
210708053	102388	5177.61	7048.98	0	411
855571652	102388	5348.51	2043.68	0	-411
1632199568	102432	5386.35	12342.7	0	-411
256909191	98024	5006.07	4928.41	2	-411
2727404006	101774	5013.46	2154.11	0	-411
2043207620	98192	5133.08	2090.23	1	411
278062058	97339	5419.08	5490.1	1	-411
42939103	94321	4999.31	3095.52	1	-411
1729235040	94321	5021.58	6687.92	8	411
740124273	93173	5100.72	2944.83	6	-411
740124273	93173	5100.72	2944.83	6	-411
1031306914	93106	4869.58	1951.66	0	-411
705462564	98059	5262.36	11101.5	0	411
798250101	96626	5033.17	3151.01	2	-411
2233785243	101671	4946.83	10207.9	0	-411
1032113839	102397	4982.86	7567.84	2	-411
2301314937	93584	4862.99	5038.94	5	411
1103220112	98613	5332.46	5333.45	0	-411
384689592	93516	5352.44	5847.48	1	-411
79329421	93105	5124.33	5863.19	0	411
301871177	94323	5353.04	10542.5	0	411
950881315	94323	5135.24	9316.99	2	-411
212886180	94323	4811.45	7434.01	1	411
1855747709	94323	5237.32	7548.31	2	411
355635877	98137	5153.01	8264.12	0	-411
536435830	97581	5179.32	7447.01	0	411
983055683	102758	4853.98	11165.2	3	411
1592529145	92286	5398.31	2942.51	2	-411
16956169	102079	5317.26	6138.07	0	411
16956169	102079	5317.26	6138.07	0	411
1489017458	102858	5057.84	3712.53	1	-411
1243725565	102387	5376.46	3722.15	0	-411
585301345	93990	4891.57	4049.28	0	411
1166433062	93471	4942.7	2811.46	0	-411
289075322	102583	5230.54	5850.77	16	411
2891601016	102151	5375.79	4238.29	0	411
1780640940	102151	5248.49	3179.26	4	-411
1141723542	97874	4801.84	8253.15	0	411
312537322	97874	4957.42	3789.91	0	-411
1349527278	91733	5248.84	3246.14	4	411
405474475	96798	4886.78	16061.6	7	-411
405474475	96798	4886.78	16061.6	7	-411
417814938	101763	4824.86	6636.16	1	-411
417814938	101763	4824.86	6636.16	1	-411
1001046770	101763	4812.67	10280	0	-411
1001046770	101763	4812.67	10280	0	-411
1450835442	99983	5490	11956.8	1	-411
338281025	103488	5055.64	4990.84	3	-411
1545048665	103488	5342.82	3650.35	0	411
680689417	93480	4909.4	3074.76	1	411
477272704	92621	4858.36	5680.56	1	411
2342634729	98646	4870.98	4688.57	2	-411
604345731	90557	5214.06	5446.73	1	-411
329371503	98372	5355.44	3430.78	1	411
709516034	89683	4913.89	4947.71	0	411
2277788495	102206	5362.37	9308.12	0	-411
476082328	92216	4965.77	5036.1	1	411
1431403114	92216	5166.69	9398.83	4	411
1167176468	92221	5367.9	8667.65	1	411
1017973037	94363	4867.52	4589.95	1	-411
1755579381	102006	4931.24	12622.7	0	411
824727681	102009	5402.66	2824.44	2	-411
1064496024	92634	5522.98	9920.54	2	411
997322129	99604	5353.9	6961.38	1	-411
172802283	102182	5349.62	11795.3	8	-411
1114331538	97917	5359.12	6235.16	0	-411
2153086122	98057	5139.99	5825.61	2	411
2153086122	98057	5139.99	5825.61	2	411
2153086122	98057	5139.99	5825.61	2	411
1015674229	89979	5362.23	6357.5	1	411
1015674229	89979	5362.23	6357.5	1	411
732001280	102202	4927.25	3869.54	2	-411
2059936395	102143	5137.83	8753.38	0	-411
786779564	102143	4859.32	2835.45	1	-411
351897229	93273	5359.46	5481.83	0	-411
542968614	93515	5139.33	1729.9	0	411
1717772605	93515	5392.96	12114.5	1	-411
190651147	87771	4929.98	2627.13	0	-411
316134082	87771	4942.51	1983.98	6	411
2469812918	102291	5323.63	5601.48	0	-411
2797017385	103152	5128.31	16139	0	411
411077857	98291	4914.57	7637.02	5	411
35745856	93224	4829.24	2630.83	1	-411
35745856	93224	4829.24	2630.83	1	-411
833710658	97849	4805.15	3185.14	0	411
833710658	97849	4805.15	3185.14	0	411
2469698	93275	5076.5	3519.55	0	-411
726552767	92840	5267.36	4379.63	0	411
803996517	102810	5101.48	7344.22	1	411
562349268	90552	5675.92	11583.8	2	-411
2349271420	92858	5367.19	6654.27	2	411
2349271420	92858	5367.19	6654.27	2	411
1204902250	103374	4863.77	2903.75	5	411
509312563	93411	5117.59	4424.82	0	411
462792437	96818	5013.52	4264.3	0	411
488341647	94169	5260.08	3264.96	3	411
695387619	97845	4850.1	3358.25	1	-411
636294542	97342	5041.48	7509.95	1	-411
2527720079	98207	4946.99	4782.24	0	411
187954000	98226	5005.6	3544.2	2	411
353235880	96945	5211.65	5239.62	1	411
407832812	102800	4952.33	4424.76	0	411
2790338164	102766	4955.06	8190.14	1	-411
536239205	102766	4888.32	9647.51	1	411
637264429	92903	5109.63	6426.42	1	411
807771556	92903	5257.85	4814.37	1	411
1589508098	93585	4945.36	3225.87	0	411
2372972251	102755	4871.85	3034.97	2	-411
367073553	90323	5180.46	2998.37	4	411
144668796	101899	4869.83	5977.7	3	-411
1135013042	90318	4938.25	4329.07	9	411
1748550905	98193	4853.66	11956.6	1	411
489818657	103370	5375.22	10454.6	4	411
2102821952	103680	4830.69	12072.6	1	-411
1065910711	98060	4935.16	9062.75	2	411
84573884	101511	4943.88	2749.08	0	-411
84573884	101511	4943.88	2749.08	0	-411
1786705073	92950	4880.72	10541.2	0	-411
1536958877	93983	5080.35	5070.72	0	-411
754626769	102804	5039.6	3353.42	1	411
605108980	102804	5300.33	5182.49	2	-411
431420500	102804	5356.03	9324.83	1	-411
229065480	98068	5442.93	3290.51	6	-411
229065480	98068	5442.93	3290.51	6	-411
1527671824	102264	5218.61	5347.36	0	411
2260261676	92854	4938.91	5678.71	2	411
2260261676	92854	4938.91	5678.71	2	411
1881726705	103145	5234.81	9493.23	2	-411
741136131	97021	5201.15	3522.22	3	411
482255655	93164	5264.9	6753.67	2	-411
78465298	103680	5389.45	7035.56	0	411
1204789281	103680	5166.23	3438.71	0	-411
2655861379	103680	5352.48	4488.77	2	-411
1875541150	103216	4955.76	5763.01	3	411
640396300	97339	5687.63	9900.2	2	411
640396300	97339	5687.63	9900.2	2	411
2408892192	97222	5168.03	3359.77	2	411
2536120319	97222	5191.48	11138.8	1	-411
1822714698	103398	5409.35	16330.1	0	-411
2618962828	103398	5401.57	2850.52	2	411
720453053	103151	5232.94	1425.56	1	411
915950488	93803	5276.69	4876.37	1	-411
1583712499	97843	4959.11	5029.01	12	411
924686283	93487	5270.14	3681.47	1	411
180556233	93718	5134.02	3986.87	2	-411
1118695014	97874	4988.26	3842	4	411
38994751	97355	5229.66	6303.03	1	411
77028777	97355	5273.1	3784.77	2	411
2182077462	94375	5348.06	13316.9	5	411
2182077462	94375	5348.06	13316.9	5	411
2182077462	94375	5348.06	13316.9	5	411
2182077462	94375	5348.06	13316.9	5	411
117024608	90003	5230.59	6383.47	1	-411
2249833243	94233	4862.06	18576.1	6	411
529872707	103395	5312.8	4425.85	6	-411
529872707	103395	5312.8	4425.85	6	-411
529872707	103395	5312.8	4425.85	6	-411
59499237	96802	5045.18	4657.76	3	411
81105312	96802	5262.65	8587.37	1	-411
1701943802	92949	4935.51	4626.33	1	-411
1580776457	92949	5364.15	4437.15	3	411
1181539084	102378	4863.87	2378.72	2	-411
1438062962	102153	4894.23	9752.37	1	-411
1438062962	102153	4894.23	9752.37	1	-411
2717853889	102153	5369.82	2832.64	0	-411
19252238	96218	5215.94	2958.96	0	-411
122858381	93795	4883.06	12622	1	411
391223259	93845	5207.65	7341.99	2	411
1092871793	90005	5284.86	5706.26	1	411
353373461	93259	4959.14	7103.01	0	411
811578389	102596	4931.18	2684.89	1	411
54362106	101411	5064.16	13068.2	2	411
348836426	102887	5359.42	5757.37	2	411
910336849	102887	5303.05	11743.7	0	-411
30963978	99983	5363.23	4027.7	2	-411
1072873662	94228	5740.25	11234.6	1	411
2037624830	100069	4889.91	6557.99	1	-411
817908972	97487	4977.9	5813.99	0	-411
705347657	97487	5041.21	3556.17	1	-411
222797944	98375	5135.99	1967.74	3	411
249836357	93180	4983.85	2547.62	1	-411
2554120695	103143	4994.4	13722.7	10	411
18436791	103185	5368.71	7178.93	2	-411
64306299	103185	5114.84	7758.1	2	-411
3902502	102184	5329.4	4818.68	1	411
177701056	102184	5109.51	11195.6	1	-411
1229817042	97225	5087.27	3736.96	0	411
291513397	92664	5241.92	9924.75	2	-411
3165774358	104027	5098.32	7031.73	1	-411
249140656	90569	5253.51	2547.5	4	-411
249140656	90569	5253.51	2547.5	4	-411
1931286506	101675	4864.23	9815.58	0	411
922777618	90164	4932.88	2295.62	1	411
721127730	94000	5378	1201	0	411
1291519739	103396	5230.74	2487.12	2	411
1448132435	92939	4881.36	4769.51	0	-411
1359293519	102766	5522.15	5804.33	10	411
398586789	97352	5174.88	10879.5	0	411
576082490	102177	5389.57	8882.69	2	411
1041824455	96809	4900.42	4120.33	0	-411
1196765895	96809	5121.65	8690.14	37	-411
1196765895	96809	5121.65	8690.14	37	-411
1196765895	96809	5121.65	8690.14	37	-411
2347860951	96809	5239.54	8407.62	0	-411
343047305	90570	5343.79	2643.91	8	411
678973822	103391	5295.65	12599.5	1	-411
1275201330	101784	5107.23	2672.77	3	-411
651781898	93410	5239.94	14111.9	0	-411
1019363028	96303	5662.69	2719.63	4	411
827119344	93484	5487.83	11107.6	3	411
176783937	103365	5595.94	2448.86	0	411
73528250	89396	5091.17	3389.25	3	-411
73528250	89396	5091.17	3389.25	3	-411
1156949963	98967	5204.09	6102.3	2	-411
2527336368	102754	5665.25	17778.3	2	411
55282816	98029	5314.36	4271.57	0	-411
1517595427	102143	5176.66	3343.89	8	-411
836585308	100254	5507.29	4770.01	1	-411
596531151	93054	5218.11	5805.26	7	411
773177024	93054	5803.59	4491.04	5	411
75229414	94001	5157.41	4063.85	2	411
2058505	93279	5008.08	2926.54	10	-411
741313736	93169	5533.54	3867.15	2	411
1730731064	101897	5578.11	2389.98	1	-411
2522615254	103338	5572.83	4111.25	0	-411
1639062960	103338	5201.51	1735.45	0	-411
1028717369	96624	5164.09	6115.87	0	-411
282474451	96624	5424.59	3115.21	4	411
282474451	96624	5424.59	3115.21	4	411
327744489	92896	4989.21	9605.94	4	411
1939875467	93440	4809.52	7819.47	1	-411
1543898681	93440	5021.56	5880.18	3	-411
1543898681	93440	5021.56	5880.18	3	-411
1166488473	97857	5256.55	3680.21	4	411
1166488473	97857	5256.55	3680.21	4	411
632490249	90161	5508.96	5238.96	1	411
632490249	90161	5508.96	5238.96	1	411
1118390237	98647	5398.6	2033.42	2	411
964621185	98647	4968.35	2945.08	4	411
675892882	101775	5000.01	5557.93	1	-411
700649893	92672	4846.11	2987.18	0	-411
1246159791	102295	5934.86	2395.52	8	411
1246159791	102295	5934.86	2395.52	8	411
1246159791	102295	5934.86	2395.52	8	411
130804530	96830	5453.94	9866.92	2	411
294715274	103537	5242.93	5122.79	2	-411
1922621724	97338	4972.1	6167.26	0	411
551514860	93442	5145.58	2794.35	1	-411
303139212	102157	5607.76	3257.53	1	411
1884926337	101726	5395.51	1734.66	2	411
232962197	97018	5200.35	4744.98	1	411
420902215	97018	5637.51	2496.31	46	411
2291133870	103157	5366.99	4057.16	1	-411
1576230763	102378	5407.15	2960	5	411
840466523	97896	5517.53	3811.67	5	411
1307684961	97021	5138.26	3219.99	0	-411
92023031	93120	4865.29	6387.18	1	411
1391567665	98968	4852.47	5530.96	1	-411
1391567665	98968	4852.47	5530.96	1	-411
281450914	96219	5226.39	14881.7	1	-411
561819557	94338	5411.96	7583.16	2	411
260841440	90569	5207.32	6704.17	0	-411
838609890	90569	5227.96	6325.37	1	-411
983602988	90569	4893.37	3847.45	8	-411
983602988	90569	4893.37	3847.45	8	-411
983602988	90569	4893.37	3847.45	8	-411
442326627	99703	4923.44	2675.91	4	-411
792542744	98879	4948.96	4588.86	1	-411
463985474	98879	4870.11	3750.94	3	411
475806950	93444	5321.58	10050.7	0	411
648118207	98024	4807.32	4481.52	1	411
2052884097	102554	5357.8	7398.7	1	411
183021614	87732	5271.87	4781.53	0	-411
1430848503	102384	5398.12	9692.43	0	-411
603095862	102146	5079.4	4192.47	9	411
1060931560	103142	4866.46	2485.4	4	411
2486832058	99963	5262.81	5870.69	0	411
50616383	93414	4866.98	8402.3	3	-411
965327328	99863	5340.82	4735.8	2	411
1687333231	102803	5268.75	7560.1	1	-411
108945171	96884	5430.71	7684.78	1	411
1258374850	97894	4982.95	6946.18	2	411
1529137504	97894	4872.79	3601.8	1	-411
139912348	102322	5278.73	4239.4	1	-411
587726252	102322	4825.88	6619.86	1	-411
1454914203	93483	4979.99	3313.65	3	411
1421145964	96297	5631.2	4021.29	1	-411
1072723340	98904	5170.96	4749.08	1	-411
1033100066	103499	5041.54	4008	0	411
844719501	98125	5241.15	4158.03	1	-411
2112296980	98125	5181.67	3194.71	1	411
1943800884	94320	5049.73	7513.35	0	411
2556269363	98294	5357.11	4900.21	1	411
1261502196	98133	4843.7	3445.88	1	411
56732703	90427	4819.42	5547.42	2	-411
409011727	90427	5525.78	11166.8	1	411
961506386	93070	5347.25	3725.83	0	411
2045304419	103152	4981.47	6414.56	0	-411
2127064272	103176	4966.1	5383.01	0	-411
8541971	104135	5232.81	8995.4	2	-411
666539005	104135	4949.46	6598.23	1	411
1229846944	102422	5078.49	2849.01	2	-411
316281984	98369	5360.86	6303.77	1	-411
2902072158	98033	4906.89	3323.14	1	411
945676359	98033	4853.77	6619.65	0	-411
2292955116	98033	5409.99	3853.42	1	411
2262884808	98033	4951.86	3742.9	1	-411
2262884808	98033	4951.86	3742.9	1	-411
436507410	93052	5126.33	3323.85	2	411
891918963	101505	5179.99	3106.7	4	-411
891918963	101505	5179.99	3106.7	4	-411
777958630	90269	5209.27	4518.78	3	411
588328765	90269	5658.33	2675.9	0	-411
179213311	94231	5257.73	2673.92	7	411
1530183156	98853	5407.56	4008.36	3	-411
1311363755	94268	4932.78	6169.86	6	-411
1599468627	94268	5030.22	3283.18	2	411
736565024	101786	5123.06	11492.3	0	411
739922826	101786	5336.45	6264.5	2	-411
739922826	101786	5336.45	6264.5	2	-411
545072703	101900	5005.36	3126.12	0	411
332824146	90103	5290.23	11116.3	0	-411
332824146	90103	5290.23	11116.3	0	-411
499293005	93566	5049.64	5718.48	6	411
499293005	93566	5049.64	5718.48	6	411
37793991	93804	4971.94	6625.02	4	-411
740093907	93804	5007.38	3329.79	0	411
346452424	90070	5388.11	9989.19	0	-411
592195124	90618	5259.11	3547.64	2	-411
245082726	90618	4850.05	3582.46	1	411
107665830	96605	4837.97	4761.86	1	411
3655872	93445	4987.02	6117.28	0	-411
934841027	92859	4966.98	6040.65	0	-411
2784965764	103398	4901.61	4028.95	5	411
2784965764	103398	4901.61	4028.95	5	411
2784965764	103398	4901.61	4028.95	5	411
2935162950	103151	5020.33	5698.58	3	-411
119773643	93585	5032.96	3350.72	0	-411
891438002	93988	4981.02	6018.71	0	411
1552249906	93988	5125.29	5010.08	0	411
1768696895	102769	4978.84	2230.14	4	411
45313712	93171	4919.42	4307.87	2	411
460099073	101851	5017.42	4930.39	2	-411
529767466	98298	5374.29	4429.28	1	-411
1388360190	102141	4897.33	5081	0	411
2656421325	102141	4858.77	4909.31	0	411
381974974	90267	5122.13	5054.64	2	411
2324917284	102861	5511.92	2561.91	16	-411
571660371	102861	4990.15	6261.32	2	411
984998917	103337	5197.58	2327.07	2	-411
699101616	102863	4967.53	9452.85	0	411
499284963	102798	5216.63	5861.22	3	411
1327575528	102798	5206.18	4148.57	0	-411
2245980291	92558	5037.09	4091.71	1	-411
844695201	93408	5269.18	6278.83	0	411
1353835223	93993	5300.38	13534	1	411
87134515	96219	5097.94	3516.71	2	-411
2722360487	103149	5716.75	2589.81	12	411
2245646045	103149	4962.77	7151.05	0	411
174062542	99725	4959.36	2828.01	0	411
221890211	99725	5321.31	6227.97	2	411
120673882	98907	5261.06	2510.55	1	-411
1370845612	93278	4968.87	3167.73	1	411
763905716	92174	5327.73	7778.79	1	-411
2577454928	103152	5020.2	5372.73	0	411
75479329	103510	5382.96	6605.38	10	411
378597136	91923	5148.78	8974.29	0	-411
416138048	97020	4945.99	9996.26	8	411
1364875165	93556	4917.68	2889.33	1	411
330562250	101505	5082.12	4142.14	1	-411
344846490	93551	4831.89	7922.94	2	-411
1840134525	102505	5151.37	3413.07	1	411
1160476094	103377	4812.46	6488.95	1	-411
659497033	103377	5073.3	5471.83	4	-411
2494633275	102762	5472.55	5354.73	3	411
1193340778	102011	5370.06	6191.58	2	411
408624081	102011	5032.39	7618.65	1	411
889324647	98022	5241.86	7055.06	4	411
889324647	98022	5241.86	7055.06	4	411
661462520	98022	5136.94	5529.32	4	-411
1877858337	103398	5066.86	9315.89	0	411
2522990700	102180	4887.86	4408.69	0	-411
644197565	102180	5181.32	4155.67	0	411
402697987	102180	5351.23	3725.82	2	411
378153322	90436	5518.1	2249.74	4	-411
317691641	101477	4871.4	4683.1	1	-411
41640599	96639	4984.8	14483.2	5	411
1211168977	89529	4935.98	7509.83	0	-411
574949724	94229	5337.77	6859.34	6	411
47490	98034	5062.06	6361.38	3	411
601085821	98034	4869.83	6097.26	1	411
1079306277	101665	5573.51	4923.38	1	-411
1411054513	101665	5374.44	2438.5	1	411
1121432873	97781	4970.81	3172.89	0	411
1108402099	102862	4875.3	4890.29	2	411
2294375159	100183	5195.81	5979.49	2	411
179157403	101902	5620.55	2838.45	0	411
292568755	92045	5444.45	2170.09	0	411
20238166	102886	5221.21	1561.94	1	411
995474156	98107	5408.2	6223.4	0	-411
795473179	94230	4904.45	9579.53	1	-411
1206418284	102201	5134.66	8849.33	0	-411
1627564877	98968	5351.69	3834.92	0	411
482211697	103154	5127.54	3009.95	2	411
2845298847	103154	4808.5	7307.2	0	-411
41429153	92629	5179.59	4202.32	0	-411
409855692	92558	5511.13	2955.86	0	411
1691371293	102207	5417.42	2340.71	1	-411
1577655368	102207	4978.82	12319.9	0	-411
1196696589	102207	5129.01	6390.51	0	411
474653924	102207	4881.27	5900.4	0	-411
835581164	102207	5209.16	3712.14	5	-411
1475796893	96275	5588.79	5144.77	4	411
190104539	103148	5157.91	5502.95	1	411
190104539	103148	5157.91	5502.95	1	411
369580182	98124	5341.23	3793.61	1	411
199130461	98124	5357.7	6503.59	0	411
1265634498	97789	4907.98	6521.21	6	411
357047582	98269	5167.24	8336.49	1	-411
556248079	98269	5275.55	3000.71	19	411
2507161737	101404	4853.22	4013.14	2	411
109583060	96967	5182.67	1462.84	2	411
517204723	102084	5472.51	9667.69	1	-411
1453788404	98369	5211.18	3497.22	25	411
2187652911	103375	5397.14	4714.43	0	411
1071994638	103554	5066.13	4043.25	17	411
1740304745	103554	5339.37	6047.72	6	411
2510177747	103319	4913.61	6270.08	1	-411
1688177050	97917	5229.13	7300.26	13	-411
1320008959	92851	4937.88	3740.68	4	411
792606502	90559	5033.93	8062.1	0	411
879996476	90559	5028.43	4831.42	0	411
22600237	92044	4848.25	3924.04	2	-411
257192172	90053	4841.78	5662.57	1	411
1693500210	93173	5066.68	10036.9	1	411
1121736726	92167	5391.44	4038.09	1	411
1121736726	92167	5391.44	4038.09	1	411
374843478	103372	5357.29	14286.5	1	411
1281669076	98044	4906.77	4545.8	0	-411
471914118	103146	4914.29	4992.88	1	411
1304632142	98654	4980.84	6271.74	13	-411
1304632142	98654	4980.84	6271.74	13	-411
591468205	98654	5168.91	5301.09	3	411
325912276	97872	5086.89	2619.62	2	411
2350884589	92675	4910.03	7991.55	2	-411
1074350972	99683	5064.26	3223.58	5	-411
125231594	103216	5358.57	4365.56	5	-411
1070877714	103680	5382.33	1935.7	5	-411
651254002	92162	5207.22	4092.56	0	-411
1525475994	103554	5082.72	5426.81	0	-411
468231078	102152	5050.88	10911.5	0	411
2142053058	102264	4837.79	5522.21	7	411
1601522728	93998	5339.94	5740.22	0	-411
1601522728	93998	5339.94	5740.22	0	-411
1631776017	92062	5237.6	994.057	0	411
233491853	96821	5129.57	7228.24	1	411
1564639444	92673	5422.82	3832.08	1	411
2167222781	92673	5377.18	3132.48	0	411
2341166991	102263	5200.27	2943.95	0	-411
2322001489	102263	5244.99	3484.6	1	-411
1266638020	97020	5387.41	21845.6	1	411
47240853	104167	5202.05	4526.62	3	-411
865994585	98332	5077.38	5460.56	1	411
2467648426	101781	5282.84	2288.36	0	411
1259483777	101781	5216.35	7494.62	6	-411
2576282875	98193	4957.13	4203.56	0	-411
2126739840	102396	5510.54	8305.48	0	411
70180360	96616	5338.07	3483.92	1	411
2915123338	101676	5174.59	5169.74	0	411
388060975	97916	5396.2	4990.5	1	-411
603603570	93399	5070.27	14647.5	0	411
422349386	93553	5667.68	7252.61	2	411
422349386	93553	5667.68	7252.61	2	411
192444982	94361	5628.9	6507.25	2	-411
1409520838	102181	4837.01	7541.45	0	-411
1911887402	92632	5303.78	3730.97	1	411
2065424862	97902	4869.8	4349.97	1	-411
2317394731	102377	5303.18	6212.91	1	-411
203510698	99683	5180.23	5562.81	1	411
676651692	93511	5384	3143.8	2	-411
1579901428	93511	5185.92	3483.37	2	411
330857251	98223	5211.96	7694.82	2	-411
644702301	102745	5218.4	2395.55	1	-411
2918879374	103395	5434.64	4832.83	1	411
1972688001	103212	5386.25	2126.03	1	411
1498886742	103212	4900.05	16835.4	0	-411
423886263	96244	4952.95	4161.57	0	-411
2715659871	102088	4859.17	4672.17	1	-411
217794935	93560	5251.86	9457.76	2	-411
217794935	93560	5251.86	9457.76	2	-411
217794935	93560	5251.86	9457.76	2	-411
217794935	93560	5251.86	9457.76	2	-411
217794935	93560	5251.86	9457.76	2	-411
821346089	101853	5826.36	3444.96	5	411
192857311	90204	4978.8	8202.97	4	411
694467077	90204	5466.84	1862	0	411
192392795	93098	4965.71	13750.1	0	-411
2250089553	98294	4943.16	4931.53	3	411
1906203433	98294	5034.9	3630.01	0	-411
542564720	94318	5168.81	4181.28	0	-411
2480485078	98229	5369.56	2372.33	1	411
239739927	100256	5360.93	3911.05	2	411
345164620	101852	5259.38	6900.49	1	-411
2205329665	101413	4911.27	7780.63	1	-411
119484301	103358	4947.68	12230.4	0	-411
322572808	96608	5557.07	3061.78	1	411
195297584	96608	5306.16	10032.4	3	411
417534707	98203	5509.89	2218.57	3	-411
1103783323	98203	4914.44	7499.62	0	411
778948017	93440	5381.95	12196.8	1	-411
1873593220	93440	5101.2	8002.82	7	411
1873593220	93440	5101.2	8002.82	7	411
834754211	93473	5096.45	5941.76	0	411
1858404757	98878	4979.99	6511.13	0	-411
1749600114	94347	5317.97	3826.78	1	-411
1119073099	101785	5238.57	1792.63	1	411
1105721260	98881	5220.04	5493.42	0	411
2773876058	103335	5364.47	2244.11	2	-411
1046878203	103335	5356.35	2470.68	0	-411
1865314162	98374	5146.89	4534.25	0	411
750645460	96947	5630	7624.49	0	-411
1983507510	98374	5129.16	3301.9	2	-411
702326921	103684	4968.84	4579.33	0	411
1964707986	93278	4891.36	6686.38	0	-411
2276179909	101767	5360.97	10068.6	1	-411
2276179909	101767	5360.97	10068.6	1	-411
547438444	99903	5764.75	9363.42	1	-411
943241154	92660	5177.65	5564.27	0	-411
574453815	92660	4969.22	4426.03	1	-411
2330650163	101511	5274.48	7393.78	0	-411
2300647896	102897	5312.95	8253.41	0	-411
2082116443	98029	5082.44	6127.56	2	411
2163409801	97121	5041.05	7012.18	0	-411
2163409801	97121	5041.05	7012.18	0	-411
334264529	103176	5156.16	3535.68	1	-411
40294151	93118	4939.91	1310.26	0	-411
1456288213	93118	5062.34	5650.63	2	411
139966048	93182	4954.95	7962.42	9	-411
1544010641	101786	5132.39	3522.76	1	-411
2256293546	98046	5039.6	9226.37	3	411
1097737	91993	5137.75	6091.03	2	-411
931021203	94234	4860.83	4725.36	1	411
66277455	92036	5273.88	16415	1	-411
1720480158	97903	5406.8	4448.14	1	411
1868357857	97903	5727.11	3642.48	1	-411
1830015577	97903	5262.9	12029.5	1	-411
1477785466	102379	5226.32	4125.02	0	411
508042032	93437	5378.81	5320	3	-411
418064339	103213	4872.88	2778.99	3	-411
85157638	92555	4889.82	5679.11	4	-411
85157638	92555	4889.82	5679.11	4	-411
85157638	92555	4889.82	5679.11	4	-411
85157638	92555	4889.82	5679.11	4	-411
85157638	92555	4889.82	5679.11	4	-411
1900859615	102597	4856.93	5112.24	0	-411
1875754389	102597	5375.72	9643.18	1	411
1398568868	94320	5358.5	22635.3	2	411
2488004730	96801	4936.32	7445.38	0	-411
1952464186	96801	5271.72	19922.7	1	411
676510022	96801	5249.47	3380.05	7	-411
676510022	96801	5249.47	3380.05	7	-411
676510022	96801	5249.47	3380.05	7	-411
757252840	93415	5383.35	5301.24	2	-411
730291650	93589	5500.31	7041.76	1	411
2432803978	98295	5142.35	7557.45	1	411
747882902	97339	5269.71	4715.92	0	-411
1347297875	102180	4909.23	1525.07	3	411
1347297875	102180	4909.23	1525.07	3	411
214292243	103377	5050.54	9318.63	0	-411
406175081	99943	5419.04	6577.27	0	411
1966374410	98285	4998.84	2201.58	0	-411
1691108480	98285	5951.57	6377.32	0	411
1986276369	104022	5197.72	5264.38	4	411
1263005646	90326	5547.06	6390.05	0	411
347637929	101899	5457.55	4545.85	0	-411
869016179	97584	4844.5	5993.34	2	411
1819056155	98291	5382.39	3617.12	1	-411
1741462636	100254	5357.34	4791.31	0	411
629064927	102887	4999.68	4216.8	0	-411
1289078101	92857	5037.82	3766.07	0	411
1289078101	92857	5037.82	3766.07	0	411
1006276722	92672	5277.71	6967.05	0	-411
1054312879	92857	5239.45	7056.51	0	411
1155942793	102292	4903.25	14183.2	0	-411
1814558779	96557	5169.5	5612.29	1	-411
978027438	98066	5042.7	5653.22	1	411
569421999	93071	5444.34	3888.21	13	411
569421999	93071	5444.34	3888.21	13	411
2146444847	98035	5146.74	5760.1	1	-411
842997353	102236	5363.16	9237.24	2	411
52357163	90257	5044.23	6033.01	1	411
1044861778	97215	5163.03	2214.45	0	411
317726538	92042	5587.96	4743.97	1	411
528790804	92042	4981.02	14229	2	411
1519469795	92563	4939.68	5227.68	9	-411
1519469795	92563	4939.68	5227.68	9	-411
1519469795	92563	4939.68	5227.68	9	-411
591602448	92952	5025.48	4755.96	1	-411
1430162908	92952	4949.83	5777.9	1	-411
692002330	100183	5319.24	7171.91	4	411
1442013649	103335	5361.68	6506.58	0	-411
1048273800	103335	5181.09	5846.24	3	411
1308021826	92841	5021.88	14814.4	0	-411
1308021826	92841	5021.88	14814.4	0	-411
1416945721	104022	4988.92	4132.35	0	411
211717629	97900	5090.39	4029.97	4	411
1666626909	102596	5194.68	6816.14	6	-411
1666626909	102596	5194.68	6816.14	6	-411
143115383	93513	5374.62	11545.1	2	-411
143115383	93513	5374.62	11545.1	2	-411
528485142	98226	5259.78	5145.7	8	411
1221817699	102762	5041.93	1844.05	1	411
289345829	101783	4881.34	10496.4	0	411
955508987	93446	5352.05	16436.4	1	-411
601863420	97890	5387.04	7986.44	0	411
1353033645	93446	5159.03	6093.16	1	411
478051277	92850	5077.43	3184.17	0	-411
2470591183	103146	5392.45	4608.11	6	411
1865156692	92631	4914.94	7059.5	0	-411
2322957809	92631	5106.39	12322.9	2	411
2048261772	92631	5048.33	5382.17	2	411
497040739	92631	5016.72	3949.96	0	-411
2084321382	101726	4961.98	2081.09	0	-411
1533373464	93121	5366.92	3523.09	1	411
453890315	93121	4835.15	3953.36	2	-411
181551893	93121	4878.3	15398.7	1	411
1483472338	103536	5031.97	5107.61	1	-411
1381092682	98121	5551.72	7944.17	3	411
1424358868	103536	5463.77	5186.74	1	-411
1319705987	98051	5073.79	5805.46	1	-411
54855321	102432	5360.38	1618.8	0	-411
65324728	102432	4956.12	8290.13	1	-411
1371386859	91732	5086.94	3582.32	1	-411
1941257269	102859	5368.19	5489.97	3	411
196691672	101774	5372.43	13538.9	6	411
196383953	93448	5134.95	10657.5	4	-411
177970984	93557	4955.33	4332.67	0	411
814995201	94176	5829.23	1928.69	11	-411
788862712	101459	5251.74	3920.79	2	411
1155677748	101459	5396.17	7207.18	2	-411
229158262	101459	5973.41	3341.67	3	411
434607740	92898	5035.14	7619.9	0	-411
1936299756	96790	4908.38	7316.21	0	-411
615652658	103327	5122.07	3720.54	0	411
1448005897	93994	4857.75	4685.83	0	-411
1564067651	102550	5389.79	6573.4	1	411
1575742559	102550	5369.35	5788.13	0	-411
509819861	102591	4831.16	4217.12	3	411
1218447945	102591	5548.62	8947.85	4	411
2304252441	98304	5273.06	3207.9	1	411
2304252441	98304	5273.06	3207.9	1	411
1736602850	97208	5279.75	8871.87	1	-411
931681109	100256	4822.92	5810.53	0	411
931681109	100256	4822.92	5810.53	0	411
473983556	96622	5009.92	7751.94	3	411
1799127383	92895	4836.13	8982.48	1	-411
1498632348	93700	4918.43	6029.36	1	-411
1265782063	93700	5051.34	4954.55	2	-411
1265782063	93700	5051.34	4954.55	2	-411
1389101462	93700	4849.03	4355.79	0	-411
2109857038	102593	4855.83	8313.66	0	-411
1636446948	102593	5212.93	2470.13	1	411
2031120025	102593	5096.59	5575.32	0	-411
2379272	96635	5241.07	6211.02	0	-411
2379272	96635	5241.07	6211.02	0	-411
2102791671	102008	5176.28	8344.6	1	411
883289863	92285	5296.34	4747.96	4	-411
235745294	102150	5405.23	17175.3	5	411
235745294	102150	5405.23	17175.3	5	411
235745294	102150	5405.23	17175.3	5	411
201410403	98068	5136.91	9841.1	2	-411
201410403	98068	5136.91	9841.1	2	-411
558575145	103324	5662.6	3219.29	28	411
174218884	92219	5211.7	6129.49	1	411
674148748	103500	4954.16	4661.37	0	-411
1246222065	92554	4937.33	8551.64	1	-411
2701597855	97900	5098.54	2186.27	2	-411
2701597855	97900	5098.54	2186.27	2	-411
391782295	97897	5066.92	7907.21	0	-411
65078249	103501	5246.09	3730.61	0	-411
1493959025	98292	4945.32	4260.46	2	-411
26326642	101415	4879	7447.98	0	411
615966459	98903	5151.81	8798.91	0	-411
12675867	102262	5392.42	10348	9	411
14431292	102262	5137.88	2061.74	0	-411
2666243914	102155	4865.19	4361.72	1	411
985431264	102155	5851.21	2442.35	6	411
2115669461	101515	5402.72	5500.66	1	-411
48255037	97028	4856	3823.81	1	411
1120370253	96863	4983.45	10051.2	4	-411
143032698	101530	5491.97	12461.5	1	411
124133925	97486	5188.5	6306	1	-411
629320042	97486	5244.93	5058.12	7	-411
629320042	97486	5244.93	5058.12	7	-411
434293776	97486	5124.69	3951.08	0	411
1474609037	98046	5364.68	8737.04	3	411
1639077822	102861	5260.6	3942.29	4	411
744555619	93280	4945.39	4805.93	0	411
1182988012	103140	5414.46	7192.04	1	411
234728751	102759	4969.29	6687.23	2	411
1663737264	102451	4821.66	8345.91	0	-411
256567252	90002	5258.94	4874.38	3	-411
261207772	102451	5384.7	17854.7	5	-411
43501788	93559	5020.47	8597.43	0	411
1419597218	93473	5302.25	2896.55	2	411
1419597218	93473	5302.25	2896.55	2	411
806535826	97342	5011.21	3646.41	1	411
1932403599	97845	4964.97	9450.8	8	411
1932403599	97845	4964.97	9450.8	8	411
721497929	103152	5472.43	3295.02	7	411
1203344551	101412	5217.59	8775.6	1	-411
623607059	103506	4918.64	9738.59	3	411
40627911	102901	5488.52	9389.43	1	411
1029902861	97816	5171.41	15731.4	0	411
1891444702	92050	5124.89	4215.89	0	411
798158997	98020	5218.33	15302.8	0	411
1430947498	103151	5919.65	3411.13	0	-411
539313879	93803	4895.28	3998.64	0	-411
1739002992	93803	5628.83	5832.75	1	-411
251508125	94316	5248.37	3625.33	1	411
1127334686	102549	4838.11	3111.07	2	411
160049058	102078	4987.34	6297.93	0	411
565416137	103361	5147.88	11224.6	1	-411
1133028173	103361	5398.54	3853.43	0	411
259364896	94221	5211.03	10871.6	1	-411
1332722091	102205	4890.12	2068.99	3	411
33178233	97115	5201.32	6125.29	3	411
1013285111	96634	5184.86	7707.81	1	411
375459383	93449	4878.74	3705.46	1	-411
1574095533	97812	5729.77	7445.99	3	411
466201262	103215	5346.48	5978.52	0	411
855946307	101672	5115.18	5551.66	0	411
532382970	103215	4961.61	5048.88	25	411
532382970	103215	4961.61	5048.88	25	411
797313398	98332	5053.15	3184.36	0	-411
322056774	103513	5395.16	4280.68	3	-411
1400211631	93795	4877.93	2283.88	0	-411
123049909	92216	5381.96	2988.22	0	-411
1662582245	92949	4956.27	4268.24	7	411
245193725	97811	5698.17	12173.7	1	411
1388909351	103182	4891.69	8248.05	2	411
2795028735	103182	5580.93	2715.56	13	411
93070787	101406	5050.22	3482.13	1	411
1350966090	102151	5024.82	2743.47	0	411
1610003127	101666	5370.38	13138.1	0	411
1119048033	102091	5309.62	7788.92	0	411
1119048033	102091	5309.62	7788.92	0	411
212973088	96624	4934.37	5453.85	1	-411
1459154524	98651	5294.95	3533.12	12	411
1459154524	98651	5294.95	3533.12	12	411
419972230	102323	4882.76	4119.16	2	411
198102465	102323	5359.19	2302.77	0	411
290104056	98112	5172.35	6191.24	1	411
2133017764	94228	5051.42	4163.43	1	-411
463677295	89705	5134.87	3793.09	0	-411
2168836253	101906	5316.41	4359.4	0	411
1871820855	101906	4834.84	3978.64	0	411
1311798258	102896	5114.06	7953.26	2	-411
1311798258	102896	5114.06	7953.26	2	-411
1840066189	96740	5050.2	9870.97	3	-411
1840066189	96740	5050.2	9870.97	3	-411
1840066189	96740	5050.2	9870.97	3	-411
390901956	96740	5115.94	5995.92	1	411
668508908	94320	5050.56	5767.45	2	-411
509192509	93127	5042.44	4089.67	0	-411
388801653	93127	4962.59	2892.25	11	411
388801653	93127	4962.59	2892.25	11	411
1220029651	102153	5519.25	2780.04	1	411
1618713192	103337	5102.54	6598.21	0	-411
1887548649	101511	5265.61	9298.92	0	-411
471008570	93058	5379.36	3623.32	1	-411
599621937	101777	4862.14	2795.08	5	411
969463811	90012	5154.71	7202.31	1	411
1071698606	97808	5146.19	9628.14	0	411
2098650108	92854	5487.6	2853.94	0	411
2240708483	92950	5330.11	3492.67	1	-411
117637654	96952	5482.52	3668.04	2	-411
922479743	102372	4883.91	7770.37	0	-411
199684134	102293	5379.53	4157.88	0	-411
1269936979	102293	5195.27	3323.16	0	411
582743746	92973	5255.92	3286.29	3	-411
582743746	92973	5255.92	3286.29	3	-411
10588172	103360	4843.73	3289.04	1	411
775061337	92906	5095.86	2272.76	1	411
1166276579	94226	4960.5	5322.88	1	411
1503598748	102295	5187.19	3682.83	2	-411
642403835	102295	5746.85	4560.79	1	-411
600182058	87888	5446.05	7204.05	1	411
694717839	93997	5370.52	3163.64	0	411
694717839	93997	5370.52	3163.64	0	411
694717839	93997	5370.52	3163.64	0	411
1338960520	100023	4823.6	8946.83	1	-411
663211612	100023	5291.77	2711.57	2	-411
1698599994	99963	5362.68	8164.6	1	411
809039924	90047	5180	2668.79	2	411
494095963	104192	5152.31	9483.23	2	-411
435721208	98878	4941.52	4238.79	0	-411
768078991	98372	5137.05	8112.06	0	411
1906862647	102750	5266.83	8383.54	2	411
1973574892	103157	4821.62	11524.6	1	-411
254529532	97858	5120.43	3923.88	1	-411
110089748	97117	4996.21	4658.66	12	411
2401029608	98219	5280.26	2330.11	2	-411
872902720	92666	5391.43	9293.21	1	411
562507408	90560	5362.36	4587.01	6	411
1364878281	92666	5813.84	8323.34	2	-411
1132628122	92666	5195.34	4298.18	2	411
461913543	98035	5163.81	1733.21	2	411
1088471918	94216	4853.88	3730.82	3	411
367762193	90054	5368.25	3522.02	4	-411
367762193	90054	5368.25	3522.02	4	-411
1885493577	102385	5246.67	4215.56	1	-411
623643772	98107	5298.33	2171.89	4	411
623643772	98107	5298.33	2171.89	4	411
623643772	98107	5298.33	2171.89	4	411
623643772	98107	5298.33	2171.89	4	411
623643772	98107	5298.33	2171.89	4	411
623643772	98107	5298.33	2171.89	4	411
532253313	102895	5052.52	6963.27	1	-411
551863074	98645	5139.36	6108.86	1	411
562612039	102504	4827.31	6406.79	2	411
32744161	96740	5104.13	7304.77	2	411
32744161	96740	5104.13	7304.77	2	411
848684829	102890	5033.02	9073.02	0	411
2457538882	96633	4996.4	2428.88	2	411
820667448	89528	5351.47	3918.05	0	-411
841591489	89528	5262.67	3383.76	0	411
575977213	89528	4911.65	5578.58	3	411
2772047121	98646	5135.18	7609.03	0	411
1367644569	101900	4856.52	6566.06	0	-411
1460203166	102790	5162.78	3136.72	1	-411
521644832	102790	4848.56	14865.6	3	411
321196744	94002	5123.87	8096.34	5	411
183485738	93068	4886.27	4083.95	3	-411
183485738	93068	4886.27	4083.95	3	-411
918414393	93068	5027.79	3162.86	2	411
918414393	93068	5027.79	3162.86	2	411
288536125	103360	5385.53	4144.42	1	-411
1771650683	103360	4881.97	4950.69	0	-411
1031562165	93776	5133.17	7113.33	0	-411
1838249302	98327	4915.33	2631.68	0	-411
1648548419	99844	5145.58	3860.28	0	-411
1648548419	99844	5145.58	3860.28	0	-411
268638785	98210	5325.41	2797.86	2	411
1286260517	92675	5367.74	3578.06	0	-411
626707119	92675	5083.64	4707.36	1	-411
294520077	93703	5486.91	7032.62	1	411
2279092391	96634	4832.08	10668.2	2	411
1042299632	96634	5200.06	21608.3	0	-411
459942015	94359	4973.4	3515.62	1	-411
687693311	94359	4912.12	7019.56	8	411
825652430	97857	4847.81	5418.63	1	-411
619505969	103181	4922.56	8768.84	1	-411
1534512748	103181	5011.14	6318.11	0	-411
2260909956	103181	5350.07	10369.6	2	411
934470124	103181	5385.69	6128.18	1	-411
1157673421	90648	5249.21	3837.92	0	411
1559685841	102183	5365.27	3575.11	0	411
86869445	102183	4839.01	3252.01	0	-411
739075325	94219	5296.34	2514.68	2	-411
739075325	94219	5296.34	2514.68	2	-411
739075325	94219	5296.34	2514.68	2	-411
2631266723	102139	5164.21	2641.08	2	-411
2190074	102139	5016.11	5430.15	0	411
1011140710	102139	4936.08	3612.37	2	-411
1012294455	98288	4857.15	6232.62	5	411
477536338	98288	5533.62	3506.69	3	411
2698108840	101860	5116.68	4432.36	1	411
889848435	101860	4999.73	7533.25	1	411
1484963691	92952	5349.34	4104.05	1	-411
2286758148	92952	5077.06	6159.24	0	411
2158334493	92952	5181.95	4194.74	0	411
2158334493	92952	5181.95	4194.74	0	411
615578333	97340	5163.02	7242.07	7	411
615578333	97340	5163.02	7242.07	7	411
1286168358	98655	5374.86	6924.68	0	411
809969949	102387	5094.43	6702.48	4	411
1578315584	103395	5107.51	5481.04	1	411
1621976707	103395	5385.4	13737.2	0	-411
588750690	100043	5360.37	5570.87	0	-411
1976701559	93996	5368.07	9549.52	0	-411
482344921	89349	4823	3709.17	4	411
2290900047	102865	4904.71	3822.55	0	-411
567926022	102386	5192.07	4671.27	0	-411
818632542	90555	5094.03	4155.04	1	-411
419830156	93110	5110.74	8493.38	9	-411
419830156	93110	5110.74	8493.38	9	-411
419830156	93110	5110.74	8493.38	9	-411
622170055	93987	5483.17	11627.6	1	411
1445985303	94369	4916.5	9084.65	0	411
1740963840	102750	5247.79	28962.2	0	-411
1740963840	102750	5247.79	28962.2	0	-411
956644038	102750	5582.88	4129.83	0	411
1857019388	102750	5411.16	4530	1	411
1801296185	104026	5131.34	4967.22	4	-411
1801296185	104026	5131.34	4967.22	4	-411
97152549	102401	5182.98	7394	3	411
398668032	103499	5328.27	9757.76	3	-411
553261048	104134	5285.49	4989.4	0	-411
430847775	93119	5045.14	31506.4	0	-411
662017352	104134	5119.51	2844.54	0	411
583847573	96826	4900.22	16166.9	1	-411
1212062041	93597	5419.82	3267.49	9	411
755131244	93597	5576.74	6150.14	2	411
100778299	96559	5353.24	7894.33	0	411
92744825	102506	4957.98	7419.62	1	-411
1497315832	93596	4914.97	15107	0	-411
1107935792	92314	4901.17	1892.22	1	-411
2228780846	97227	5336.08	2066.17	0	411
1799125882	102436	5110.53	7596.4	3	-411
1283013198	102436	4864.82	7258.04	6	411
1214953022	102858	5065.86	3459.89	4	411
44431901	96241	5093.39	4690.99	0	-411
39445106	93694	5381.13	11149.7	3	411
1474179098	103374	5067.97	7628.23	6	411
1311462151	103374	5199.35	5920.2	3	411
1311462151	103374	5199.35	5920.2	3	411
2634371359	97787	5276.42	6720.6	3	411
920960961	102904	5209.17	7252.67	0	-411
348469373	102904	5162.86	4709.16	2	411
348469373	102904	5162.86	4709.16	2	411
1871395747	92171	5355.8	3800.18	5	-411
87934823	101458	5112.14	6989.29	1	-411
1459046183	102793	4905.06	4179.12	1	-411
336228530	96556	4980.95	8478.72	6	411
594212165	98305	5286.64	2822.07	1	-411
1723891895	98207	5119.38	6465.85	1	-411
978839390	92566	4989.25	12888.1	0	411
1132737064	102011	5019.75	4776.52	2	411
868264347	102797	5160.14	6385.14	2	-411
29785595	96792	5220.77	3031.62	1	411
705842805	92972	5379.25	18952.1	0	-411
618342644	101408	5367.92	1389.59	1	-411
25457668	90055	5480.76	3711.48	4	411
894797963	90057	5367.35	4200.2	3	411
323695009	90057	5454.79	3617.71	0	-411
585538398	90057	5133.43	3777.65	2	411
1016139193	90057	5032.12	2038.36	0	-411
1026887981	92858	4944.78	7318.82	0	-411
719005042	93099	4858.28	2667.91	2	-411
552060555	93099	5014.22	5061.13	0	-411
17568472	98642	5263.47	8122.64	0	-411
692470611	102266	5267.23	6151.68	2	411
1186198205	93118	5131.25	13380.4	0	411
1212608525	94225	4952.49	4788.21	1	-411
492184548	90049	4943.51	2569.07	31	411
855312323	93233	4907.72	8156.52	2	-411
2585059111	98878	5174.54	6939.19	0	411
175109004	103154	4821.44	4177.34	1	411
2332133739	103515	4962.94	5457.39	1	411
858455466	94329	5147.71	4559.93	11	-411
858455466	94329	5147.71	4559.93	11	-411
404674436	97485	5144.16	6754.11	1	411
1730278376	104026	5162.99	3102.75	2	-411
576088128	97808	5535.58	3995.27	7	411
1570548895	103364	4890.98	5997.58	3	-411
37148948	94315	5554.74	3602.47	0	-411
37148948	94315	5554.74	3602.47	0	-411
711528969	94315	5010.66	4805.79	0	411
711528969	94315	5010.66	4805.79	0	411
88817226	98285	5388.66	3220.49	0	411
65750827	103146	5246.49	3140.93	1	-411
1148742661	103146	5047.03	11110.9	4	-411
899203896	103146	4951.62	5777.11	1	-411
126620803	101414	5077.48	7499.44	0	411
439245595	101414	5245.56	5215.74	3	-411
194050480	98644	5392.53	3197.59	2	411
1585997849	98644	5297.12	6542.68	1	-411
1743448391	101414	5229	1713.02	3	-411
700198790	103676	4892.07	3635.3	1	-411
5249820	98116	5093.83	5031.26	1	-411
1772640219	101856	5043.78	8549.34	1	411
475361485	97232	4879.42	7333.03	0	-411
1199152005	92848	5369.88	3717.82	4	-411
1197567085	103212	5109	10338.4	1	411
2981109117	103142	5166.92	6078.68	1	411
13933855	96843	4895.85	5340.24	0	-411
1565962172	102089	5319.75	1365.58	1	411
1219266634	92560	4944.82	5858.72	7	411
715035842	103160	5070.98	8638.02	0	-411
2415246823	103160	5004.89	5303.31	1	-411
1257900568	99663	5576.65	9286.25	0	411
1505663458	96642	5038.2	6281.05	0	-411
347965737	93449	5388.06	11300	0	-411
882267968	102159	5044.04	3162.13	3	-411
882267968	102159	5044.04	3162.13	3	-411
882267968	102159	5044.04	3162.13	3	-411
1203768815	102159	5384.39	4953.63	0	411
689291415	93442	5136.95	7799.34	1	-411
1976403929	94337	4888.86	4848.67	3	-411
297708213	102756	5078.86	6006.84	4	411
691876094	93171	5190.3	10013.9	0	-411
1790806747	93171	5287.37	5476.86	1	411
673636206	101477	5416.58	7256.38	0	-411
673636206	101477	5416.58	7256.38	0	-411
295351572	101477	4935.71	3701.84	6	411
295351572	101477	4935.71	3701.84	6	411
172134582	102207	4972.09	7622.83	4	-411
125835840	99983	5375.53	7092.63	1	-411
314649861	98854	5725.93	2567.82	0	-411
181061184	98854	5174.8	9547.13	1	-411
359865906	97027	5512.3	3877.95	2	411
436713527	90405	5401.42	4720.57	3	411
436713527	90405	5401.42	4720.57	3	411
1355136245	90405	5139.68	7066.29	1	411
226885066	93281	5213.87	11659.4	1	-411
1764998955	93057	5144.86	26916.2	0	-411
130818930	93057	5374.4	9533.22	1	411
132782822	93057	5145.84	2694.66	5	-411
2919569755	103503	5196.17	2824.27	4	411
2919569755	103503	5196.17	2824.27	4	411
177356580	102378	5037.54	14283.7	1	-411
1014552046	102378	5052.43	6219.4	0	-411
1388837674	98654	5611.81	2829.4	7	-411
499279814	90270	4852.73	4760.22	3	411
2579208161	103554	4960.41	8809.37	0	411
417597396	102743	5462.51	5964.3	1	-411
1837002329	102158	5143.57	5114.58	3	411
1238928267	92845	5150.87	4750.77	18	411
171353521	92845	5925.88	2040.07	5	411
1104093844	92845	5340.59	5427.53	1	411
1007936342	102156	5167.69	3538.5	1	-411
1007936342	102156	5167.69	3538.5	1	-411
232114811	89988	5228.74	4274.36	0	-411
2070821780	93989	5548.27	5200.25	3	-411
2070821780	93989	5548.27	5200.25	3	-411
1567269853	93989	5165.77	8225.29	3	411
558817705	93066	5253.14	11931.3	1	-411
390286227	103182	4994.23	3532.28	10	411
429990639	94347	5327.31	2995.43	3	-411
394868468	102202	5315.76	4674.93	5	411
1060556412	91925	4947.89	12246.2	4	411
1367339676	102906	5280.62	4261.48	0	411
2858661371	98129	5020.25	4216.25	2	411
1978567983	102808	5041.69	13359.9	3	-411
320525544	102422	5225.27	2770.8	3	411
633219689	96244	5095.91	7213.91	4	411
792022865	96244	5130.93	3975.37	2	411
792022865	96244	5130.93	3975.37	2	411
908123347	96244	5381.1	5869.63	0	411
908123347	96244	5381.1	5869.63	0	411
1689793592	99884	5585.27	1865.05	2	411
211413513	102396	5372.59	11835.2	1	-411
26364299	96277	5264.01	3330.2	1	-411
637548188	96277	5216.63	6842.65	3	-411
630147899	92635	4878	6985.62	2	-411
923459920	92635	4974.15	1309.31	0	-411
1321909401	97027	5376.46	6826.65	1	-411
755403441	103147	5261.22	7841.1	1	411
2229465869	103147	4929.71	2356.96	13	411
233561085	96628	5563.79	4312.98	5	411
233561085	96628	5563.79	4312.98	5	411
1053487717	96216	5294.41	1747.74	16	-411
1400400413	96216	5347.36	4863.96	1	411
241437672	90571	5379.48	7001.8	0	-411
516080527	102754	5803.2	7961.5	1	411
769431332	102754	5065.47	1409.53	1	411
927207796	92859	5026.82	5973.11	1	-411
536155099	97916	5881.53	2155.7	6	411
2376142648	93101	5218.52	2560.74	1	-411
1683112443	93101	5235.41	6699.93	3	-411
1683112443	93101	5235.41	6699.93	3	-411
2338199085	97121	5442.31	3925.62	2	-411
328573653	93502	5701.9	10034.4	0	-411
2643353490	103150	5604.76	2800.8	2	411
2643353490	103150	5604.76	2800.8	2	411
2643353490	103150	5604.76	2800.8	2	411
1552000255	103514	5150	4893.5	1	411
1552000255	103514	5150	4893.5	1	411
1713406527	102201	5089.71	5709.51	2	-411
1713406527	102201	5089.71	5709.51	2	-411
869462670	89420	4946.38	8477.75	5	411
1782395106	98227	4914.8	9925.35	1	-411
1937545150	92898	5221.42	3849.81	0	-411
114411311	92735	5594.83	2281.58	6	411
606123522	92063	4878.68	3503.38	7	411
2294380577	102141	5359.04	7752.83	0	411
913464610	96624	5357.8	3516.02	0	411
387215694	97785	5278.6	2274.54	2	411
387215694	97785	5278.6	2274.54	2	411
862332707	96744	5491.38	4116.13	4	411
862332707	96744	5491.38	4116.13	4	411
1577592239	94169	5978.61	8531.37	1	411
1577592239	94169	5978.61	8531.37	1	411
617332089	94169	4988.41	4610.35	1	-411
1098094879	97264	4884.11	3410.29	2	-411
1098094879	97264	4884.11	3410.29	2	-411
552335557	97784	5208.74	12048	3	411
575552098	97784	5057.9	7759.88	0	-411
4572145	98107	4897.74	3224.97	0	411
1420364316	98107	5301.67	3599.95	1	411
356246252	103370	5048.51	4117.1	3	411
727664216	103370	5377.59	8065.59	0	-411
272329016	90010	4825.64	11710.5	10	-411
1431489891	96275	5138.37	2904.72	1	-411
1794050871	102750	4924.41	7951.36	0	-411
1332662156	102799	5145.96	7093.38	1	-411
2227687651	94329	4831.84	7423.84	1	411
2174878199	93803	4813.84	9025.11	1	-411
2268466497	96753	4828.72	2680.85	23	411
1642040627	97895	5031.61	6271.35	2	-411
211352280	91994	4835.92	4218.58	4	-411
211352280	91994	4835.92	4218.58	4	-411
211352280	91994	4835.92	4218.58	4	-411
248152677	98370	5174.75	3017.86	0	-411
2117556234	102011	5247.29	8779.52	2	411
1465444225	97886	5289.9	2946.11	1	-411
398853012	93268	5517.53	12452	2	411
1134901014	97903	5430.76	3367.85	0	-411
1993850192	93700	5323.2	10701.9	1	-411
743346577	103322	5106.68	5932.07	1	-411
438813516	102078	5187.57	5747.15	0	-411
2639242120	97902	5315.19	5039.19	1	-411
329781618	98968	5232.37	4015.42	0	-411
397120317	93269	4829.37	9686.36	0	-411
871943369	103365	4811.79	6107.05	0	411
2378969203	103365	5465.25	2944.7	3	-411
1672683425	93408	4947.7	7688.47	0	-411
1672683425	93408	4947.7	7688.47	0	-411
71743854	87881	5258.78	8445.27	2	-411
46330877	93487	4870.85	2717.14	0	-411
41511044	92062	5041.33	7241.66	3	411
212647577	98187	5355.5	35721	2	-411
612880331	98187	5299.57	3426.96	2	411
1599459170	103141	5312.62	1870.92	0	411
1969258973	93803	4868.81	5008.69	2	411
2059288686	94328	4967.2	6702.86	1	-411
7819513	98644	4972.03	6385.15	3	411
130375345	98644	5053.35	2259.82	2	-411
602318616	92165	5393.23	3813.82	8	411
1197677234	102903	5246.03	4162.68	1	411
342643595	103157	5461.69	2845.32	1	411
2982474318	104027	5366.01	10164.5	0	-411
1713568047	93556	5152.79	3903.14	0	-411
1063694494	98289	4892.62	7758.27	1	-411
1436510779	92839	5366.79	4132.55	1	411
545777432	98138	5173.02	6230.59	3	411
2169253422	93174	5042.07	3736.52	0	-411
1124582894	103378	4856.62	4262.35	8	411
862463748	98029	5069.39	8358.32	1	-411
196374364	103143	5047.56	7999.86	1	411
2004329980	103183	4843.04	4230.67	0	-411
2004329980	103183	4843.04	4230.67	0	-411
856396617	102092	5140.61	12375.6	2	411
758234444	93595	5379.97	7340.12	6	-411
758234444	93595	5379.97	7340.12	6	-411
758234444	93595	5379.97	7340.12	6	-411
1019218866	89530	4864.08	4613.5	1	411
1026552279	87976	5075.2	3685.97	0	411
877540407	96948	5491.51	5493.13	2	-411
375036944	96948	5142.91	2297.81	1	-411
315233147	103152	5013.04	5045.27	0	-411
191321336	97824	4946.38	2331.31	2	411
677162561	97824	5359.35	4432.18	0	411
677162561	97824	5359.35	4432.18	0	411
2333339538	102181	5288.73	6498.94	0	-411
838458178	90404	5059.92	5594.35	1	411
838458178	90404	5059.92	5594.35	1	411
1242093527	96761	4864.31	3787.16	1	411
1022014010	94376	4964.11	6005.98	0	411
485176295	94233	5589.87	5704.59	1	411
1361249001	92850	4926.23	4944.23	0	-411
267282151	98040	5375.87	1749.66	0	-411
1500816258	92898	5268.57	4400.11	5	-411
1500816258	92898	5268.57	4400.11	5	-411
255225191	98053	5403.14	4224.05	2	411
193158895	98111	4982.17	4223.49	4	411
321718223	98111	5156.62	10408.4	0	-411
1611385886	98035	5017.37	6788.5	0	-411
134378667	92035	4921.8	3577.88	0	-411
145563663	92035	5175.27	3448.8	1	-411
1011443683	96919	5154.95	9580.34	8	411
2144472047	93172	5130.37	2014.58	1	-411
1445028505	93172	5078.19	10882.4	1	411
517970728	101408	4974.87	5855.61	1	411
192988545	101856	5389.05	2182.88	3	411
178894828	94328	5372.31	10076.4	1	-411
782320942	101403	4970.12	9263.67	0	411
782320942	101403	4970.12	9263.67	0	411
376126899	93802	4994.35	7219.67	6	-411
1118185143	94321	5391.75	3322.41	0	411
264699469	92056	5098.65	2886.74	0	-411
1185970599	94365	4920.84	9861.73	1	411
509407832	91999	4814.17	1619.57	7	411
65674444	101476	5210.07	3906.52	0	-411
1544203614	93994	4858.32	11810.8	0	411
120115123	96247	4882.72	7020.6	4	-411
166087549	93516	4982.03	6733.94	5	411
61137815	93183	5126.91	8127.39	0	411
533158229	92851	5114.33	10532.5	2	411
1188683552	102206	4867.65	4891.78	5	411
62530718	90320	5356.54	12041.6	1	411
519774419	93101	5202.25	5770.78	17	411
519774419	93101	5202.25	5770.78	17	411
145390214	93101	4997.88	4358.16	1	-411
88522050	94330	4929.6	5015.76	7	-411
345312681	90422	4886.01	14235.1	2	411
33777263	93257	5217.69	6456.11	15	411
76860760	98125	4857.69	6771.84	23	411
736676623	92979	4952.58	2455.42	78	411
1110979834	98608	5191.11	8731.11	0	411
832161488	92618	4856.56	6322.41	0	411
58540062	102384	5238.84	3297	1	-411
124408797	101642	5178.69	7200.82	0	-411
2009064591	102159	5139.23	7032.52	1	-411
1124344889	102386	4878.06	3715.51	0	411
660043221	97217	5071.38	6194.74	3	411
785861479	97217	5347.73	4998.55	4	411
785861479	97217	5347.73	4998.55	4	411
1672411227	98904	5122.87	7945.63	1	-411
753355263	92859	4917.87	6435.88	0	-411
1933364987	102452	4945.25	6977.63	0	-411
271743422	91996	4916.78	5249.14	3	-411
128486136	101854	5272.06	1226.09	1	411
2007186286	102798	5314.47	3327.04	1	-411
2536288802	97219	4833	8429.85	0	-411
1057789302	97219	5250.49	11002.6	4	-411
398478052	104136	5170.08	3690.3	1	-411
351778054	99903	5373.47	3846.03	0	411
1202829253	98269	4946.96	5919.19	2	-411
620022270	99683	5376.91	4069.01	13	411
353058923	98227	5721.8	7200.54	3	-411
1133528658	103177	5296.56	2853.71	0	-411
80578018	90398	4936.41	3957.36	4	-411
80578018	90398	4936.41	3957.36	4	-411
137323041	97226	4837.54	7817.84	4	411
1562811558	104136	5225.37	971.382	7	-411
928657381	97890	5378.99	8372.75	6	-411
65958382	102895	4859.69	5156.42	4	411
868252299	103214	5327.21	2581.61	26	411
868252299	103214	5327.21	2581.61	26	411
1686452179	93122	5135.27	4919.38	6	411
1686452179	93122	5135.27	4919.38	6	411
1686452179	93122	5135.27	4919.38	6	411
554053930	102325	4922.53	2551.34	10	-411
1900902759	96790	5076.17	6380.12	0	411
971630264	98044	4902.65	4314.4	1	-411
499241705	90160	4885.23	7706.44	7	-411
499241705	90160	4885.23	7706.44	7	-411
65676220	90160	5266.57	2964.04	3	411
868102106	97227	5252.39	8606.78	0	-411
1214298959	93276	5373.71	11869.4	0	411
865916207	101776	5257.68	7321.38	1	411
1419332448	103554	5113.9	6460.71	0	411
113281234	87766	5182.24	11545.7	1	-411
113281234	87766	5182.24	11545.7	1	-411
113281234	87766	5182.24	11545.7	1	-411
25327249	96841	4875.1	6313.74	5	-411
25327249	96841	4875.1	6313.74	5	-411
1402360641	102153	4922.74	13913.4	93	411
1116345954	101905	5000.22	3592.83	6	411
904428760	102292	5108.69	7301.65	13	411
1869705311	93512	5154.99	7397.52	7	411
516220058	97886	5065.06	8405.98	1	-411
516220058	97886	5065.06	8405.98	1	-411
2116811167	98225	5298.56	1928.96	1	411
1593060498	92285	5049.31	4674.56	1	411
520509122	94295	4885.49	3610.57	1	-411
136420233	97822	4886.87	3174.29	0	411
115388442	103511	5238.71	8105.56	1	-411
1443797219	103511	5116.42	2229.1	9	411
1381780412	103511	5172.16	4535.12	0	411
1478499585	102084	5029.74	6155.55	0	411
451476827	93564	4839.25	8625.1	2	-411
2230669840	93120	5286.99	6738.81	8	411
626666667	102433	5377.2	1550.22	4	-411
287328896	101859	5083.84	9544.47	0	-411
72335648	101399	4944.57	3222.96	4	411
1137762570	97019	5538.94	7873.46	2	411
1137762570	97019	5538.94	7873.46	2	411
272707265	90101	5131.25	8801.85	1	411
413863864	97787	4919.85	3686.92	0	411
264824788	97919	5537.56	8591.58	1	411
547584910	97343	5199.4	7985.39	2	411
1495815184	93409	5064.08	3720.21	6	-411
2615074467	102863	4927.66	3216.2	1	411
1118134902	102863	5282.81	3720.64	0	-411
580699042	102438	5370.56	9115.18	0	-411
880696296	93062	5120.89	12766.9	0	-411
557271845	102184	5370.45	12015.7	1	-411
957524072	89958	5338.59	13662.2	1	411
957524072	89958	5338.59	13662.2	1	411
923809827	101779	5190.41	4643.22	1	411
599157393	93478	5144.52	11880.2	0	411
721309151	89348	5062.68	4841.51	28	411
975222634	89348	5022.1	8747.33	1	-411
191541903	92893	5132.07	3502.19	1	411
1089538676	93994	5375.69	8188.27	0	-411
997747022	96245	5186.95	5289.24	2	-411
118642569	98641	5289.46	5199.33	0	411
67449872	89960	5109.53	7777.83	0	411
2549856082	103181	5319.45	1008.02	4	411
602178887	96970	5362.1	15747.9	1	411
116553030	93063	5081.66	7773.33	1	411
368357728	93126	5863.97	883.568	1	-411
962447833	93126	5204.7	7191.24	0	-411
109109092	93126	4890.26	8555.92	1	-411
1710302740	98039	5003.29	3723.74	7	411
439113873	98024	5462.33	4061.16	0	411
2965891886	103214	5394.55	6235.42	14	411
329512915	94323	5256.23	8514.11	0	-411
651052423	93556	5032.2	8894.08	3	-411
643386649	98653	5238.83	6743.64	5	411
1099901156	96863	5493.87	11677.6	5	411
2474256403	99983	4912.46	7385.26	0	-411
1149997600	103338	5397.19	4764.88	2	411
1047701052	102801	5383.51	3781.28	0	-411
20858070	94336	4883.52	3075.72	5	-411
2405160445	93586	5383.57	3336.71	3	411
670180887	90013	5109.35	3053.46	2	-411
2229442325	92634	5006.4	9692.47	0	411
606498256	92314	5244.03	10155.4	0	-411
1587587509	102590	5200.24	3254.41	2	411
1586138476	102797	4853.41	4391.54	0	-411
1451589718	97207	4886.67	1774.58	1	-411
2419079091	102549	5372.69	4216.87	1	411
1697842738	103374	5427.3	3830.45	2	411
1697842738	103374	5427.3	3830.45	2	411
426460697	96240	4987.4	3024.24	0	-411
1393587362	94294	4837.3	3451.04	0	-411
1929433821	102800	5047.95	9360.75	0	-411
1154152579	103370	4861.99	9160.7	0	411
874712352	103680	4951.48	19431.6	2	411
23177297	93983	4814.35	7513.15	1	-411
623319287	102804	4878.47	9490.37	2	-411
10779171	90565	5396.94	2687.98	1	411
210087685	97889	5258.75	3533.5	1	-411
532929219	94366	5375.17	10048.3	1	-411
2884121745	98378	4883.54	7136.96	2	-411
1012186175	97787	4821.06	5848.14	3	-411
2070367348	103395	4847.53	4106.6	1	411
81017866	93845	5155.36	6852.36	0	-411
889760906	94344	5302.39	9639.49	2	-411
889760906	94344	5302.39	9639.49	2	-411
2155469849	93512	4945.51	7896.05	1	-411
1839337751	92842	5205.47	5555.3	2	411
2118763499	102765	5209.6	1981.43	2	411
1798764741	101675	5010.49	5480.13	12	411
154157959	90058	4886.12	9024.3	2	411
154157959	90058	4886.12	9024.3	2	411
1355431630	94000	4853.84	12184.1	1	-411
1659568755	94317	4897.53	2891.54	4	-411
1402351143	96763	5400.26	10063.5	1	411
370540366	102324	4817.46	4822.15	1	-411
1028171638	101897	5242.34	10364.1	1	-411
526201646	102866	4962.26	2985.84	1	-411
1565634193	102864	5115.21	7666.88	2	411
1765913450	92559	5142.78	7982.94	1	411
497850691	102393	5361.33	7119.55	2	411
1337983716	92672	5803.54	1808.42	2	-411
1321863360	102295	5630.04	7185.01	1	411
1655246639	102393	5050.29	1000.28	5	-411
504847660	103537	5458.33	5583.31	0	-411
504847660	103537	5458.33	5583.31	0	-411
1399891748	93998	5371.19	3450.88	1	411
1399891748	93998	5371.19	3450.88	1	411
424904493	90048	5295.56	3011.17	0	411
1147059796	102141	4930.33	4143.7	2	-411
1147059796	102141	4930.33	4143.7	2	-411
840256962	98879	5013.4	5977.09	1	-411
1001166796	99963	5025.2	2119.11	3	-411
2308431	97901	4912	12098.4	5	-411
2308431	97901	4912	12098.4	5	-411
2308431	97901	4912	12098.4	5	-411
492191477	103322	5264.81	5832.69	3	411
1245869912	103321	5219.14	2706.71	2	411
884756338	93802	5295.75	9451.48	0	411
438349011	94003	5755.48	7943.4	10	411
924486518	94345	5011.83	5490.06	0	-411
215444929	98606	5326.92	2270.74	2	-411
215444929	98606	5326.92	2270.74	2	-411
215444929	98606	5326.92	2270.74	2	-411
1067821510	89683	5153.15	7884.52	0	-411
320455474	103377	5454.47	3327.85	1	411
1442525585	103179	5243.71	1125.3	1	411
2595617488	101665	5601.88	4317.21	5	411
2595617488	101665	5601.88	4317.21	5	411
2595617488	101665	5601.88	4317.21	5	411
191592673	103365	5377.33	5900.77	2	411
1129011060	98107	5133.98	4664.43	9	411
811877783	97483	5175.85	7780.58	2	-411
813454015	90572	4961.31	3128.53	2	411
1005356299	92616	5257.34	1590.32	5	411
1005356299	92616	5257.34	1590.32	5	411
1005356299	92616	5257.34	1590.32	5	411
697650233	97789	5220.1	4958.59	1	-411
609594591	101744	4874.57	6554.98	0	-411
486681451	90527	5172.08	1097.19	4	411
645787307	98298	5132.47	1439.23	0	-411
2733018182	98654	5378.04	5047.35	0	-411
2733018182	98654	5378.04	5047.35	0	-411
759535207	98944	4894.19	5745.78	1	411
413890940	99863	4956.25	2755.92	9	411
1724528633	97020	4832.35	9847.26	3	-411
2153139229	103513	5021.12	9447.34	0	-411
1740353541	103325	4836.19	9582.43	0	-411
1302436733	101760	5952.33	1476.66	16	-411
90939149	98939	5282.88	7402.59	2	-411
2020364245	98229	5591.66	2762.06	2	-411
27224265	102592	5086.21	7135.07	14	411
727766214	102294	5650.28	10698.9	1	-411
1915904827	93172	5039.06	4141.73	1	411
2336209982	103361	5714.76	7637.47	2	411
1127805107	101767	5376.27	3982.59	4	-411
518985740	92848	4879.57	9074.79	0	411
744217691	98044	5357.49	12833.2	1	411
1062221521	98033	5361.04	8358.76	0	411
333059961	102087	4942.28	5495.61	1	-411
33734491	87692	5615.39	3969.49	12	411
33734491	87692	5615.39	3969.49	12	411
141334480	92150	5227	2761.62	3	411
141334480	92150	5227	2761.62	3	411
1704062005	97207	5621.84	8370.87	0	-411
1266786838	102582	5308.6	3405.61	2	411
2185628251	98291	4989.18	6650.22	2	411
719903919	93257	5373.39	4109.82	2	411
3091170576	104026	4802.6	6965.33	0	411
1316708689	101671	4837.08	4182.21	3	411
1316708689	101671	4837.08	4182.21	3	411
807873930	98060	5231.65	5738.6	31	411
1030146048	103146	5134.8	7709.89	0	411
1340656342	98121	5360.56	5482.38	0	-411
33575181	98199	4859.66	5812.1	0	411
33575181	98199	4859.66	5812.1	0	411
186244617	92898	5203.14	2401.37	0	-411
907032054	94375	4993.12	2355.42	2	-411
244981148	104027	5287.53	4247.63	1	-411
656913495	103508	5137.6	8141.18	2	-411
1305102348	104192	4875.66	8045.97	2	-411
16086143	87883	5579.58	6437.91	1	-411
338987461	93693	5080.92	4353.97	0	411
2172657575	92895	5442.05	6602.37	1	411
536738690	98305	5056.94	2919.6	1	411
1757622648	102593	5019.74	5357.62	1	411
1981941589	92062	5368.59	7137.09	2	-411
1101905490	101777	4947.47	2619.25	0	-411
482388320	98068	5240.66	4227.34	2	-411
156127330	103324	5358.8	4442.45	0	-411
156127330	103324	5358.8	4442.45	0	-411
1297148979	97847	5361.77	6961	1	-411
1297148979	97847	5361.77	6961	1	-411
1089829538	98046	5164.29	8880.03	0	-411
285454999	102801	5158.41	8597.67	1	-411
148469146	87728	5080.66	3069.26	1	411
1951236834	102859	5352.23	2471.28	1	-411
1172771607	102085	5205.58	8717.6	1	-411
518194959	102085	5071.79	6259.26	1	411
284133383	92632	4890.8	8505.34	3	411
1619749328	98031	5417.61	5647.33	1	-411
764126383	92216	5699.49	8778.59	1	411
343381750	96276	5410.19	4042.31	1	411
835283115	103182	5034.49	1645.26	1	-411
835283115	103182	5034.49	1645.26	1	-411
1254053726	102868	5131.45	12185.9	2	411
305525981	102007	5147.31	2416.37	0	-411
2611631181	102153	4987.94	16018.4	3	411
216760445	98646	4816.87	3714.62	103	411
216760445	98646	4816.87	3714.62	103	411
870601548	96295	5220.39	10323.4	0	411
1426070793	103360	5293.62	9236.57	6	411
559190695	93438	5288.58	2887.63	2	411
1689868433	98219	5280.23	3547.91	17	411
1689868433	98219	5280.23	3547.91	17	411
301947470	102377	5058.44	3658.86	0	-411
865970415	93108	4901.22	10026.8	1	-411
292372811	96633	5108.6	5602.08	6	411
1635435990	94365	5350.15	9070.88	1	-411
1432073835	102183	5286.28	4742.68	1	411
48562790	102183	5379.9	17481.7	8	-411
524055344	103213	4926.28	9021.62	0	-411
891602821	98288	4866.85	5837.49	6	-411
80780375	97340	5210.34	1751.85	0	-411
95312021	97340	4847.43	1303.81	2	411
16921967	98192	5089.13	4353.18	0	411
1259445882	101785	5350.53	2030.92	0	411
671082385	94012	5696.83	16039.7	1	411
603205312	90561	5198.29	2852.48	1	-411
1897480336	96557	4819.98	5553.19	2	-411
1897480336	96557	4819.98	5553.19	2	-411
2050764023	96557	5128.03	11547.4	15	-411
2050764023	96557	5128.03	11547.4	15	-411
423651643	102865	5134.14	7776	2	411
423651643	102865	5134.14	7776	2	411
125808518	98206	5385.27	4559.29	3	-411
2262634037	94369	5107.76	4242.39	14	411
859880359	93796	5892.17	4843.46	0	-411
1774406999	96559	4835.03	6194.48	0	411
1637641725	93409	5138.11	2642.61	1	-411
1637641725	93409	5138.11	2642.61	1	-411
737902501	102904	4837.79	5084.45	4	-411
131603484	96792	5324.05	3291.46	6	411
930519717	90055	4840.64	10282.8	1	-411
270347358	96964	4836.72	5941.84	0	-411
759221504	97263	4918.68	8327.61	1	-411
1499082312	94369	4969.36	7238.45	3	411
659018242	94369	5359.88	2870.5	1	411
702718382	94369	4912.16	7145.55	7	-411
264086218	98194	5349.49	6678	5	-411
264086218	98194	5349.49	6678	5	-411
292336345	101414	5230.58	6246.77	1	-411
1454584323	102857	5224.75	7782.18	1	411
1672437502	94319	5220.39	1285.26	8	411
1672437502	94319	5220.39	1285.26	8	411
613098727	101771	4950.9	8916.84	1	-411
939653813	99663	5054.94	14915.1	0	-411
638109495	93449	5286.61	11937.9	0	411
902534257	93057	5337.16	4836.25	1	411
278375396	98328	5138.46	5813.49	1	-411
278375396	98328	5138.46	5813.49	1	-411
267085214	101904	5390.1	5694.11	3	-411
2194479864	102202	5116.08	10562.7	4	-411
185735454	92983	5130.39	12546.2	0	411
334620048	94312	5358.21	6458.9	1	411
520170677	97121	5363.99	3227.1	2	-411
1445203196	98130	5221.65	13556.8	2	411
1369926931	97785	4922.16	3685.42	5	411
10252531	98908	4852.62	3739.25	1	411
156089090	98908	5315.59	5222.57	0	-411
1131583765	90641	4924.92	15701.9	2	411
1161313918	96744	5351.11	14708.1	7	411
19223003	94169	5129.86	4634.31	0	-411
936009439	97784	4841.62	4036.97	1	411
873543371	97784	5408.45	4547.07	9	411
260110417	92228	5074.49	4031.33	2	-411
1795485872	102803	5210.07	2875.49	0	-411
539095958	93796	4973.09	10728.6	1	411
334809542	91924	5266.57	7143.05	7	411
62466982	98325	5362.87	5048.74	0	411
1139197719	93796	4879.15	7814.41	12	-411
1176276593	90051	4809.59	3929.97	0	411
1963204896	102765	4919.19	4439.57	2	-411
599768221	87976	4919.26	3991.1	4	411
300071766	97815	4833.65	6781.56	14	411
283491184	103152	5221.14	6294.02	1	411
1620199623	97824	5371.17	374.14	0	-411
921895381	96761	4822.1	3663.65	6	-411
1497023743	94233	4869.26	6756.71	4	-411
1153848795	92898	5308.43	3303.62	6	411
520118393	98111	5079.71	5721.25	1	411
1190171084	101776	5019.75	8353.67	0	411
2620828992	101408	5096.47	7616.64	0	-411
2620828992	101408	5096.47	7616.64	0	-411
410209611	90574	4824.53	4394.96	5	411
