2545641092	166647	5254.21	14937.9	0	411
1279536168	165046	4818.08	6383.61	0	-411
962691019	166647	5054.56	4540.54	0	411
295838228	163499	5163.66	4475.42	3	-411
611969460	166329	5375.45	9905.7	1	-411
514429138	165406	5413.13	9272.77	0	-411
2065268565	166900	4832.48	9544.81	14	-411
8961055	164013	5180.39	11963	2	-411
698418347	163642	4809.11	6697.83	1	411
952936213	163642	5182.85	5957.89	1	411
952936213	163642	5182.85	5957.89	1	411
331038728	163642	5351.44	2568.57	0	-411
611568512	166424	5357.16	2679.64	0	-411
2290575659	166669	5092.47	11134	4	411
541825143	163124	5266.92	5370.3	1	411
864366890	166971	5326.83	7491.77	4	-411
864366890	166971	5326.83	7491.77	4	-411
36533654	166711	4853.7	7402.06	1	411
1329500760	166711	5280.89	6599.61	2	-411
908868126	164243	5358.48	8276.83	1	-411
888549708	166428	4949.46	14317.7	0	-411
300236112	164187	4983.29	8598.53	1	411
931322191	163391	5893.09	8009.49	1	411
704989832	166732	5222.02	14517.3	0	411
1766387591	166727	5849.3	6480.52	1	-411
1766387591	166727	5849.3	6480.52	1	-411
1723652654	163467	5357.33	6157.32	0	411
266122269	164916	4947.84	3219.1	1	-411
16047142	164916	4936.22	3068.66	21	411
626410040	163881	5390.48	5647.88	1	411
331036129	165075	4919.22	8226.61	2	411
1121493715	163102	5361.51	4771.53	2	-411
66660793	164701	5351.8	2227.38	0	411
161474326	164701	4845.28	4905.26	0	411
1412819148	165037	5179.88	4256.37	1	-411
1412819148	165037	5179.88	4256.37	1	-411
1254366661	166329	5014.52	4089.42	0	-411
1802108437	166329	5259.17	9223.86	0	411
456473761	164157	5360.92	5452.15	1	411
1050628268	166470	5091.08	6510.86	1	-411
1224676489	166961	5068.8	4084.48	1	-411
96397992	164885	5125.82	6975.66	5	411
96397992	164885	5125.82	6975.66	5	411
276612007	166724	5047.84	11838.8	1	-411
217901233	166477	5385.45	6003.19	0	411
945499883	166477	5122.32	8564.31	1	411
882755866	166711	4902.73	5831.09	3	411
2768553168	166711	5163.46	11290.3	0	-411
37098735	163123	5134.94	1844.62	0	411
1230426504	163123	5247.93	2951.8	0	-411
2511856657	166965	5346.7	2944.46	5	411
2511856657	166965	5346.7	2944.46	5	411
357000490	164445	5192.55	3917.11	1	-411
1850551117	164445	5236.41	4294.88	1	411
160014879	164437	5343.77	8734.03	1	-411
64395864	166879	5363.28	4123.01	1	-411
636811529	163874	5321.54	5035.86	4	411
1517337828	164429	5051.19	10470	1	-411
1517337828	164429	5051.19	10470	1	-411
1471107755	164666	4942.12	5578.85	1	411
871330977	163391	4943.1	3553.13	0	-411
1532387079	164666	5213.69	3871.34	1	411
503201549	166439	4985.3	13665.8	5	411
1596073284	167107	4875.48	4219.16	0	-411
1304967255	165308	5349.17	7412.26	2	411
1371899458	165401	4855.78	14195.8	2	411
465306862	164016	4888.76	2784.12	0	-411
896536257	164003	5134.77	13869.7	2	411
225383213	164457	4817.77	7660.52	0	-411
1159059690	164003	5802.33	2926.38	2	-411
408856695	164003	4937.85	8044.3	1	-411
1816801899	164003	4923.29	8028.1	1	-411
860680440	166664	5157.54	3441.45	2	-411
610332039	165378	5247.4	2097	2	411
75822663	166898	5046.76	3767.72	1	411
219777996	165378	5364.47	3959.16	1	-411
2147279836	165053	4929.86	24391	2	-411
2147279836	165053	4929.86	24391	2	-411
2083568352	164698	5584.72	1987.77	0	411
37260438	164698	5244.34	7015.52	0	-411
2061904313	165053	5897.58	14629.7	3	-411
387652079	163168	5173.68	6783.72	1	411
151390468	164524	5180.2	6488.91	2	-411
151390468	164524	5180.2	6488.91	2	-411
1191366707	166718	5153.27	4034.22	0	-411
1871989807	164087	4843.34	4038.98	0	411
623255586	165516	5377.55	5171.62	1	-411
1688653129	163442	5012.6	7222.09	0	-411
788227832	166425	5005.23	3083.01	2	411
788227832	166425	5005.23	3083.01	2	411
2241217303	166711	5558.28	1808.11	1	-411
2278271134	164091	4867.3	14436.4	1	411
239143892	164091	5228.18	3991.16	0	411
2276903224	164091	5284.07	3636.76	10	411
563547590	162530	5079.31	4030.48	2	-411
539751204	163883	4947.75	2720.4	1	-411
539751204	163883	4947.75	2720.4	1	-411
1249254602	166902	5678.09	3077.28	4	411
265170436	165405	5539.3	18151.5	3	411
879549201	163639	5379.23	7082.51	2	-411
741352652	163368	5128.11	4334.2	0	-411
1495922811	164914	5108.49	3847.2	1	411
507738974	163872	5147.33	2983.77	0	-411
1712538409	166732	4874.44	9120.29	7	411
466879573	166777	5306.49	4948.88	0	411
1153589868	166535	5090.41	2148.38	0	-411
2072042261	163369	5099.35	5329.05	0	411
13515298	165510	5759.01	10621.4	0	-411
716423982	165510	4923.65	2475.75	4	411
870903585	166712	5106.25	9348.48	0	-411
46461227	166955	5161.68	3768.94	3	411
46461227	166955	5161.68	3768.94	3	411
2073399048	166955	5292.42	8369.62	0	411
1450897515	166957	4985.95	7113.48	1	-411
379817552	167026	5198.33	5311.19	0	411
357462264	163037	5376.36	3593.6	0	411
166339774	165399	5249.55	2356.54	1	-411
1385878811	166898	5380.53	1261.38	1	-411
1253181500	165406	5614.83	5479.51	3	411
227866424	166906	5164.85	8263.46	0	-411
1470154265	166975	4864	2845.62	1	-411
1328621218	164533	5053.87	8737.98	5	-411
1328621218	164533	5053.87	8737.98	5	-411
613501956	166611	5033.81	4912.33	1	-411
195726820	166611	4942.46	4924.24	2	411
1041495829	164536	4955.23	2070.15	6	-411
1705618052	164527	4842.42	9059.01	2	-411
1157473313	163485	4850.18	7735.26	1	-411
2080955597	165405	5028.57	13033.2	2	411
1160088735	165046	5200.11	3420.83	0	-411
1273747049	167112	5127.67	6242.59	0	-411
1093577029	166323	5391.65	2808.55	1	-411
999800248	166279	5403.3	2889.76	1	-411
992894765	166279	5348.08	6352.34	0	-411
807405118	166643	5122.88	2395.76	11	411
1457372627	166643	5813.09	2035.55	1	-411
1736872789	166643	5703.47	6553.79	2	-411
733327804	164694	5211.86	7496.18	5	-411
928535025	164408	5226.69	18831.7	5	-411
928535025	164408	5226.69	18831.7	5	-411
1905359138	166643	5383.79	4668.36	4	411
1198510319	163596	4930.71	5711.1	1	-411
575597258	163596	5068.48	7333.52	0	-411
1260520684	165351	5225.35	11379.6	4	-411
541572167	162880	5206.08	2029.31	7	411
1183898098	166655	5437.22	1945.82	1	-411
283024498	164209	5209.22	6131.74	5	411
283024498	164209	5209.22	6131.74	5	411
305715738	164209	5023.09	2250.77	0	-411
263612794	164209	5361.49	8576.6	1	-411
837468931	166891	5102.02	4109.57	1	411
797710078	165526	5042.04	10555.1	1	411
1028257395	166682	4801.38	7301.22	1	411
1231263394	164920	5266.46	9969.64	2	-411
1231263394	164920	5266.46	9969.64	2	-411
1231263394	164920	5266.46	9969.64	2	-411
912978586	166473	5350.46	7729.02	1	411
996718518	164698	5312.95	7145.47	1	-411
1830110813	164698	5346.69	8161.34	0	-411
1893930446	166722	4992.19	1781.64	55	411
1893930446	166722	4992.19	1781.64	55	411
2422683069	166426	5319.2	16280	2	411
2422683069	166426	5319.2	16280	2	411
1881739198	166426	5863.97	21213	87	411
1509279109	166670	5178.34	5073.14	0	-411
1248667376	163874	5320.96	4267.11	0	-411
1248667376	163874	5320.96	4267.11	0	-411
1720896638	165031	5455.34	7557.06	18	-411
1720896638	165031	5455.34	7557.06	18	-411
1720896638	165031	5455.34	7557.06	18	-411
1720896638	165031	5455.34	7557.06	18	-411
1720896638	165031	5455.34	7557.06	18	-411
1720896638	165031	5455.34	7557.06	18	-411
1720896638	165031	5455.34	7557.06	18	-411
1720896638	165031	5455.34	7557.06	18	-411
1720896638	165031	5455.34	7557.06	18	-411
1720896638	165031	5455.34	7557.06	18	-411
1720896638	165031	5455.34	7557.06	18	-411
1540984448	164092	5241.89	2836.32	1	-411
1099646111	166649	5139.15	1705.51	0	-411
1099646111	166649	5139.15	1705.51	0	-411
1092926499	163391	5199.86	3726.3	0	-411
2459199634	166322	5184.1	3278.28	2	411
158789887	166322	4829.21	2760.78	1	411
1439732194	164667	4940.72	3869.49	0	-411
611587713	162881	5120.56	4434.68	0	411
111736448	166980	5146.4	10178.2	0	411
451089091	164451	5323.54	9653.31	4	411
1394045675	164442	5228.73	4283.28	0	-411
878139691	164445	5773.85	3106.25	1	411
473146296	164462	4821.91	1593.19	1	-411
1614224555	167126	5331.11	3091.33	1	-411
1514327216	166965	5078.66	13530.2	3	-411
941837088	162878	5211.08	7035.12	1	-411
107110941	166884	5443.15	8159.22	1	411
461931291	165064	5643.52	4192.78	0	-411
461931291	165064	5643.52	4192.78	0	-411
583727579	164077	5274.68	6045.33	0	411
1004697246	166323	5544.07	3605.11	1	-411
298406959	163616	4820.77	4036.9	3	411
1362491781	167061	5207.38	3582.95	1	-411
515237382	166428	5141.33	5153.2	2	-411
2808962741	166903	5359.3	5195.98	1	-411
106242098	166428	5185.78	3756.7	1	-411
1856776410	166428	5100.25	9275.82	1	-411
1856776410	166428	5100.25	9275.82	1	-411
648237946	164440	5056.05	4978.47	0	-411
1671125730	165404	5407.68	1778.22	13	411
1671125730	165404	5407.68	1778.22	13	411
54943016	165356	4906.5	3982.85	6	-411
2760361506	166985	5260.13	6620.62	1	411
2797772179	166985	5315.07	1857.22	0	411
448025211	164534	4891.18	3343.91	4	411
85482378	164534	5357.92	5407.69	0	-411
489479326	166985	5286.34	2380.5	4	411
1793451539	166535	5175.78	5029.91	0	-411
2510486145	163872	5369.9	4048.03	1	411
1976440047	164663	5339.75	4803.69	3	411
1913004498	166898	4926.74	4932.74	1	411
405065583	163995	4914.58	4158.13	0	-411
62538433	165523	5530.66	2477.72	7	411
1983102326	166322	5735.23	3786.83	3	411
937747256	166322	4971.63	3392.22	1	-411
306351465	166714	5088.06	1868.44	0	411
2696692488	166325	5072.3	2971.24	3	411
8483103	166651	5921.5	1871.71	11	-411
165534848	166651	5443.89	3100.28	0	411
219234707	166882	4950.12	15680.6	0	411
849776478	166651	4973.87	8787.64	1	-411
849776478	166651	4973.87	8787.64	1	-411
1641569404	166674	4976.78	2309.45	0	-411
1386835894	164188	5185.45	4321.41	0	-411
392509986	165515	4858.87	14450.7	0	411
2251786324	166660	5045.25	2709.91	1	-411
361268392	166659	5035.47	8165.48	0	411
320176020	166659	5462.77	8188.15	1	-411
304624940	164672	5208.35	4916.35	0	-411
1575734948	166474	5364.02	6549	1	411
981439270	166970	4861.43	6375.34	4	411
981439270	166970	4861.43	6375.34	4	411
1255699075	163501	4855.74	3664.89	6	411
153972784	166984	5037.81	7316.91	0	-411
173603506	163039	5370.32	5435.03	0	-411
958816330	164206	5638.25	4403.03	2	-411
958816330	164206	5638.25	4403.03	2	-411
171847767	166732	5043.82	6926.81	1	-411
1141083514	163160	5812.56	4620.14	4	411
1055489307	163160	5023.91	6999.5	2	-411
1055489307	163160	5023.91	6999.5	2	-411
2873402734	166727	5023.17	7350.19	1	-411
701380649	165375	5375.76	8317.41	1	-411
19781845	164432	5151.05	2594.39	0	-411
1794005968	164237	4848.07	9693.34	0	411
1100514337	164237	5423.38	3048.37	3	-411
2031336409	164440	4855.53	5983.3	1	411
1734783823	164440	4891.22	3245.58	0	-411
1191333467	166955	5188.09	3778.29	2	411
979406271	163486	5167.52	4551.33	1	411
1287717805	164245	4974.97	1883.33	2	-411
329776463	166657	5210.09	7851.05	0	411
1602014675	164237	5729.16	2347.3	7	-411
2591600386	165379	4964.51	11869	1	-411
1952985531	163783	5194.97	5234.86	0	-411
2410130487	163783	4876.31	7134.06	1	-411
1035055710	164649	4815.61	4625.84	2	-411
2057380175	167026	5320.99	6495.04	0	411
705310614	167026	4834.12	4433.24	5	411
580606747	166710	4946.75	4182.64	45	-411
1298255232	166892	5083.48	8931.81	18	411
1865002396	163599	5114.21	9014.99	4	-411
211916310	166637	5360.19	7328.02	2	411
305983122	162530	5323.47	2069.4	6	411
1111808958	164445	5886.33	4553.01	1	-411
240954837	164400	5158.65	6768.98	1	411
2584663777	164200	5342.44	4531.28	0	-411
273506604	163872	5167.76	8991.31	2	411
273506604	163872	5167.76	8991.31	2	411
2007272008	166982	5300.85	3523.57	0	-411
524228650	164459	5521.6	20200.2	0	-411
2014091348	164459	4946.74	4064.6	0	411
1106736343	164329	5093.23	8974.1	1	411
434037202	164329	4908.1	8739.45	1	-411
1329783393	164329	4862.83	1336.84	1	-411
1107064973	166880	5495.67	8527.91	1	-411
1580735124	164079	4947.87	1744.45	1	-411
1059911281	163166	5170.5	2956.15	2	-411
1322313104	163166	5019.65	5258.77	1	411
1272092735	166712	5043.28	5517.89	1	-411
493914012	163769	5352.79	7793.97	1	411
1149830970	163769	5143.25	10657.9	4	411
1149830970	163769	5143.25	10657.9	4	411
1149830970	163769	5143.25	10657.9	4	411
1800124217	166718	5139.16	2584.27	1	-411
836625881	164406	5053.12	5173.91	0	-411
1224236472	165062	4884.39	8954.41	0	-411
1246740727	164455	5168.2	5024.49	1	-411
445691050	164452	5374.24	2722.57	3	411
897184082	164452	4911.99	3189.37	3	-411
186652067	163880	5024.7	3445.42	2	411
609742944	164016	5403.75	10444.7	0	411
1481679559	164016	5500.11	13943.4	9	-411
1698127603	164088	5232.34	12389.5	0	-411
730600448	166477	4978.3	5511.37	3	-411
712447275	164819	5345.22	2374.6	3	-411
207955766	162887	5129.83	4536.59	1	-411
1296512373	164447	5071.33	4029.11	2	411
22019628	163048	5373.9	4313.3	0	411
91199404	165308	4848.72	13054.8	1	-411
1554125585	166663	5352.7	11595.8	10	-411
1554125585	166663	5352.7	11595.8	10	-411
89964940	165356	5137.2	8641.42	2	-411
1936591738	166470	5360.29	2653.91	1	-411
92075365	163036	5095.64	3397.17	0	-411
2077589758	164665	5339.81	6366.52	3	-411
1482744986	166324	5011.92	6457.96	2	-411
1376939453	162546	4967.13	13455.9	1	-411
2616763937	166727	5311.81	7887.22	1	-411
2610254728	165375	5352.52	5781.24	1	-411
924509357	166661	5375.52	3561.93	0	411
521046422	166661	5150.87	2758.79	1	-411
935256028	166724	4849.97	1743.09	1	-411
1213961351	164017	5721.79	2863.41	2	-411
285004771	163374	5181.52	2513.05	1	-411
1969344525	164003	4848.41	8751.5	6	411
1969344525	164003	4848.41	8751.5	6	411
61518419	166957	5373.84	7894.96	0	-411
2212203358	166957	5381.08	3534.22	0	411
957762729	164242	5048.15	10347.3	1	411
1045831951	166979	5251.45	3300.91	1	-411
1045831951	166979	5251.45	3300.91	1	-411
212189825	165507	4960.77	2722.44	4	411
1984505461	164091	5283.87	2075.98	3	411
1508983692	165048	4985.87	1845.71	0	-411
1049073163	165038	4874.76	5620.4	1	411
2649928904	167134	4888.76	2284.82	2	-411
1229674571	167134	5663.35	5049.84	3	-411
1926613194	163877	4939.84	3243.92	2	-411
2780686978	167107	5156.15	3254.22	0	411
508843908	164326	5622.04	4045.42	2	-411
327890071	167020	5088.13	1886.41	0	-411
2741960714	165520	5373.55	5404.21	0	411
2741960714	165520	5373.55	5404.21	0	411
570827844	165037	5076.3	13710.3	1	-411
525535639	165077	4961.08	6009	4	411
788338643	164406	5359.29	1914.38	2	-411
1410891266	164406	5541.12	4151.84	2	411
1360410928	164094	4922.67	3619.76	0	411
758327427	164094	5304.34	7677.84	0	-411
20964227	164433	4897.38	7128.98	1	-411
1381402426	164433	4978.92	4429.79	0	-411
138790118	162830	5099.91	6858.52	0	411
111505747	162830	4828.25	3319.39	25	-411
1033231002	164433	5219.49	5621	1	411
496401913	164692	5207.83	9352.54	19	411
496401913	164692	5207.83	9352.54	19	411
2218601403	166682	5060.69	2122.53	3	-411
1501632284	166972	4805.15	4374.34	0	-411
1066616059	166972	4841.79	2566.6	0	411
1999669019	166972	5365.06	1857.66	3	411
84558848	167015	4810.91	6122.7	1	411
182112504	167015	5025.12	2509.47	0	-411
630278577	166972	5243.58	7484.67	1	-411
399274924	166971	5225.92	9542.53	2	-411
399274924	166971	5225.92	9542.53	2	-411
729740120	166983	4980.03	9857.42	4	411
290543607	166641	5460.66	2756.48	1	-411
1160011093	166954	5020.07	2233.86	5	-411
1160011093	166954	5020.07	2233.86	5	-411
375382805	166954	4998.3	4174.13	7	411
178731373	166367	4861.58	3102.19	1	411
284203024	164533	4855.48	4837.68	1	411
2190061145	166973	5207.16	12410.5	3	-411
103770510	165391	4912.68	19042.4	2	-411
963012740	165391	5355.11	4265.92	1	411
183901847	165391	4843.29	12558	0	-411
183901847	165391	4843.29	12558	0	-411
183901847	165391	4843.29	12558	0	-411
183901847	165391	4843.29	12558	0	-411
1374859595	164667	4932.16	4882.13	1	411
2352369683	166977	5048.92	6841.11	1	-411
2352369683	166977	5048.92	6841.11	1	-411
437940041	167025	5083.19	5307.8	2	-411
437940041	167025	5083.19	5307.8	2	-411
760006839	166666	4944.25	7070.43	0	-411
1102228082	166666	5299.87	4761.05	0	-411
1747423759	163994	4823.85	4760.02	3	411
1747423759	163994	4823.85	4760.02	3	411
540849763	166902	5387.06	12217.8	1	-411
1388776944	166902	4967.23	4644.22	1	411
2041698366	164000	5206.46	1432.86	2	411
13771225	163374	5142.63	10410.1	4	-411
59680508	166884	4889.52	12992.3	3	-411
1001774638	165518	5122.1	6686.77	3	411
267650975	163991	5370.62	7878.05	1	411
477205358	165078	5470.84	4873.58	2	411
244427482	165056	4910.98	4876.03	0	411
3399107	165056	4921.25	8494.95	0	411
365477751	164695	5155.9	3028.62	1	-411
365477751	164695	5155.9	3028.62	1	-411
243775288	165036	5181.52	3906.72	1	411
243775288	165036	5181.52	3906.72	1	411
731106370	162291	5088.46	10654.6	0	-411
731106370	162291	5088.46	10654.6	0	-411
1636128326	166686	4852.79	5271.7	2	411
39902725	165067	5319.73	8457.48	0	-411
208821935	165067	5127.68	10317.8	2	411
208821935	165067	5127.68	10317.8	2	411
208821935	165067	5127.68	10317.8	2	411
208821935	165067	5127.68	10317.8	2	411
208821935	165067	5127.68	10317.8	2	411
208821935	165067	5127.68	10317.8	2	411
208821935	165067	5127.68	10317.8	2	411
1447358007	165402	5384	12124.2	0	-411
2616079244	165407	5118.25	6849.87	4	411
1726232090	167023	5140.89	4790.05	0	-411
686322738	166436	5356.46	4514.92	5	-411
3130100	166436	5380.08	2651.93	2	411
2042389701	164911	4950.16	22828.8	0	-411
2042389701	164911	4950.16	22828.8	0	-411
37120026	166707	4993.65	10325.3	11	411
379798134	162600	5018.81	4057.61	1	411
628676867	162600	5359.18	3823.94	1	-411
489437762	164247	5017.92	13614.1	4	-411
1171466044	164002	5066.79	2320.83	22	-411
956222863	164002	5065.9	5594.64	0	-411
156111647	164002	5114.91	8039.57	2	411
2602737466	165306	4887.49	3624.2	2	-411
1103663420	166718	5780.12	7676.54	2	411
1103663420	166718	5780.12	7676.54	2	411
2215286541	165075	4823.21	6223	1	-411
714277493	163988	5236.73	2519.15	6	-411
577127448	165402	5186.24	8230.13	1	-411
618343318	166660	5976.84	4792.59	0	-411
2391602272	166770	4970.55	9147.75	2	411
1230255789	164524	4841.44	6153.78	0	-411
166821013	164014	5116.92	9505.41	1	411
1447070857	164451	5291.29	5840.48	1	-411
924394469	164699	5248.49	2185.1	0	411
1610487866	164916	4984.62	6101.83	0	-411
1188536814	164916	5180.86	3855.94	0	411
1559506007	166717	5121.02	10351.2	0	-411
298967208	163783	5371.19	10711.5	3	411
2026762576	164696	5356.17	3629.08	1	411
2026762576	164696	5356.17	3629.08	1	411
1689799026	165514	4829.33	17101.6	0	-411
1597031670	166979	5413.01	6219.29	3	-411
34444474	166428	5130.21	7152.9	3	411
73887668	166327	5120.2	5645.98	0	-411
73887668	166327	5120.2	5645.98	0	-411
2172770459	167061	4929.5	2332.03	0	411
1765108191	162848	5237.51	3292.09	4	-411
323198581	167023	5362.78	6634.41	1	-411
316787149	162290	5340.25	5858.21	0	-411
316787149	162290	5340.25	5858.21	0	-411
2790589708	166955	5282.11	2417.43	0	-411
2790589708	166955	5282.11	2417.43	0	-411
2236614348	165404	5205.69	5164.37	1	-411
2236614348	165404	5205.69	5164.37	1	-411
722473823	165304	4999.82	11151.9	1	-411
312723091	166974	5404.8	5463.23	0	-411
498375001	163485	4976.32	10119.9	1	-411
596654197	164534	5319.75	1744.61	1	-411
1862666282	163442	4946.71	2074.49	2	-411
1397303571	164534	5221.55	15981.6	3	411
1397639870	165403	4931.11	4788.86	7	411
3022589163	167126	5454.22	22095.6	1	411
68707692	166688	5371.52	6518.38	2	411
33660134	166688	4986.98	14796	1	411
501497529	166708	4831.98	6451.88	0	411
1404937964	164445	5544.49	3762.55	1	411
2121581028	164445	5450.7	6269.81	1	411
2389707596	163985	4977.78	5177	0	411
174236163	163614	4934.53	5234.72	1	-411
818018236	166974	4867.61	3988.56	1	411
709933749	166974	5538.52	2817.87	1	-411
1960864412	165516	5076.22	10590.2	1	-411
2494751421	166634	5109.44	6729.01	1	411
2226760006	166634	4998.14	3016.78	1	-411
249908257	166332	5387.96	2353.23	1	-411
249908257	166332	5387.96	2353.23	1	-411
118005190	166332	4871.94	4356.94	4	-411
118005190	166332	4871.94	4356.94	4	-411
118005190	166332	4871.94	4356.94	4	-411
118005190	166332	4871.94	4356.94	4	-411
118005190	166332	4871.94	4356.94	4	-411
118005190	166332	4871.94	4356.94	4	-411
403668378	166332	5277.3	3091.86	2	411
1479382589	166634	5350.27	4413.48	2	411
20881754	163040	5127.63	17064.5	5	411
2324967307	166664	5455.06	4844.58	5	-411
188714537	166664	5049.54	4197.52	1	411
1478593365	165026	4921.66	13111.7	4	411
1493313512	164916	5362.5	8414.2	0	411
1561114019	164916	4908.01	5480.81	0	411
2461148229	165026	4997.11	1956.56	10	411
650525928	166976	5389.35	8553.96	0	411
1187803548	164094	5685.45	2302.63	9	411
2265464450	165407	5044.71	5094.32	2	411
537456193	164180	5727.39	3463.93	7	411
537456193	164180	5727.39	3463.93	7	411
2207462749	165049	5204.4	11018.2	2	411
2207462749	165049	5204.4	11018.2	2	411
2207462749	165049	5204.4	11018.2	2	411
2476895720	166652	5056.44	8195.45	0	411
844513395	164695	4810.83	16536.4	6	411
909975912	167117	5045.88	6963.03	2	411
116515475	167132	5015.28	9654.03	1	411
794866432	167132	5370.53	7798.45	0	411
1682834306	163164	5116.55	10883.9	1	-411
1178746219	167129	5367.14	5066.24	0	411
647200375	162290	4810.75	14060	8	-411
1272426727	163102	5122.38	3766.92	2	-411
1599001825	166732	4845.79	3343.73	2	411
1229646434	166879	5273.44	6703.32	1	-411
1269896994	166424	4869.1	6885.14	3	411
338420501	163160	5434.41	5558.79	3	-411
338420501	163160	5434.41	5558.79	3	-411
2225642922	164001	4903.55	2910.07	14	411
2225642922	164001	4903.55	2910.07	14	411
1724901619	164001	5183.4	5901.12	3	-411
1724901619	164001	5183.4	5901.12	3	-411
1736172590	166712	4834.27	2549.55	3	411
1329295794	166880	5279.39	3987.21	0	411
320780263	166880	5106.01	15753.8	1	411
1097084151	166967	5014.52	6895.14	1	-411
1097084151	166967	5014.52	6895.14	1	-411
474263026	166967	5169.72	6073.89	3	411
474263026	166967	5169.72	6073.89	3	411
1608394038	164123	5824.51	4853.48	1	411
3000734445	167134	4814.92	3509.74	0	411
838828934	166637	5869.61	2472.66	1	411
1563401551	166686	5175.09	7232.4	3	411
744190622	165069	5088.66	5878.26	0	411
1857542136	164077	5167.38	7861.58	3	411
1556944796	163990	5196.51	8315.36	1	411
1556944796	163990	5196.51	8315.36	1	411
2312921489	166320	4820.49	1788.36	1	411
2367823485	163990	5263.49	4434.52	1	411
1035249912	166320	5319.22	7561.75	8	411
1053816705	166320	4825.38	2088.43	13	-411
603482116	163123	5105.08	3396.17	0	411
2399084048	166428	5266.27	7604.61	10	411
2304843814	166428	5094.7	5001.17	5	411
417786939	165516	5370.45	4132.61	1	411
1269623646	165075	5220.39	9239.75	7	411
943131272	165408	5064.24	4218.75	0	-411
1543754658	164448	4944.88	10594.8	1	-411
1513025694	164448	5363.33	4231.67	1	-411
1513025694	164448	5363.33	4231.67	1	-411
1705420539	164460	5028.5	3000.87	1	411
1597520206	164460	5254.54	1957.89	0	411
1597520206	164460	5254.54	1957.89	0	411
763282884	164460	5235.73	7917.51	3	411
345472453	164448	5057.57	6514.02	1	-411
172307481	166710	5171.83	22050.9	1	-411
734310404	166710	5361.94	2976.14	6	411
1331016064	164245	5189.99	4210.6	1	411
1518760626	164436	5494.13	3214.56	8	-411
148368296	164242	5682.05	6268.05	2	411
157350502	166871	5179.78	11061.8	0	411
406042714	162559	4990.2	9755.5	3	411
817421661	164329	5262.71	3008.61	0	411
1204959483	165512	5066.09	11019.8	2	-411
224136686	163369	5076.04	5489.81	2	-411
108667195	164044	5367.87	2918.74	6	411
102771494	167059	5024.82	6810.09	2	411
495770404	163370	4926.6	7423.94	2	-411
1777258910	166323	5116.62	16186.9	0	-411
2618067365	165526	4981.59	8380.9	0	-411
1399940150	164298	5124.54	3331.41	0	-411
792284617	166438	5526.06	5628.26	5	411
571827054	165526	4870.72	6949.63	3	-411
1159439511	163784	5335.83	5090.75	2	-411
1159439511	163784	5335.83	5090.75	2	-411
82990008	163784	4825.05	2480.88	0	411
1568928787	164086	5377.26	14251.7	1	411
1383678880	167120	5232.48	2911.79	0	-411
735332842	164092	4934.38	7827.23	0	-411
76495380	164092	4826.32	2125.95	1	-411
1111565201	163766	5121.71	11182.6	0	-411
324226933	166664	5200.84	12228.1	0	-411
1140488735	166664	5174.47	3518.87	1	-411
264086725	164326	5145.77	5280.28	2	-411
237757724	164401	5317.35	4317.87	1	-411
983533439	164244	5363.4	3413.29	0	-411
1922126861	166669	5717.33	12626.7	2	-411
86327668	165062	4914.19	3803.08	1	411
280890662	163639	5378.76	1936.99	3	-411
378672137	165037	5250.45	3177.25	1	411
2431494179	165073	5190.72	12237.3	0	411
1381158317	167128	5129.76	2131.7	0	-411
732041973	166887	5097.81	5932.71	1	411
732041973	166887	5097.81	5932.71	1	411
2066566321	162884	5367.15	2596.29	2	-411
1282386272	166891	5010.53	3422.48	0	411
883493726	166891	4997.1	10757.7	0	-411
1253306259	166891	4830	1835.94	1	-411
2164325830	166892	5370.68	9618.44	1	-411
2258287156	166661	5916.12	2048.85	1	-411
163621007	165406	4983.25	9471.48	1	411
2049503786	167063	4939.92	11167.2	1	411
1055714991	167063	5392.4	3682.91	0	-411
1055714991	167063	5392.4	3682.91	0	-411
2228610210	167063	5236.22	2824.5	2	-411
361829189	163878	5439.19	3726.36	1	411
1062583000	164670	5658.42	9794.41	3	411
1062583000	164670	5658.42	9794.41	3	411
764641390	164408	5360.36	5294.64	2	411
431972782	164670	4888.58	3779.65	0	411
322459068	167111	5397.59	4467.81	1	-411
344297656	162600	5280.07	5075.68	1	-411
703954671	162600	5042.96	6593.57	2	-411
1217894291	164533	5341.49	3082.64	1	411
545172082	163851	4966.1	4205.94	7	-411
545172082	163851	4966.1	4205.94	7	-411
1602106874	165049	5219.75	9352.76	2	-411
2511752662	165405	5083.81	7800.71	2	-411
60153744	166904	5618.14	2056.38	0	411
1091909778	166322	5232.11	13762.6	0	-411
342124765	164091	5173.54	3429.77	13	411
342124765	164091	5173.54	3429.77	13	411
139238087	166887	4934.99	3025.4	1	411
2140044336	165035	5789.62	3785.2	1	-411
2140044336	165035	5789.62	3785.2	1	-411
2650665218	166717	5136.48	4245.77	1	-411
778555301	165413	4903.62	8365.73	4	411
563332205	166478	4905.39	7851.17	3	411
512103983	165026	4817.57	5475.78	0	411
227790718	166887	5220.39	2977.45	0	-411
1953241663	166882	5378.47	11522.1	2	411
1282896483	166882	5377	5245.74	1	-411
1060699036	165512	5447.46	3551.07	1	-411
989599592	164533	5386.33	6971.32	0	-411
1173872625	163163	5094.51	3550.49	3	411
71346502	164877	5248.53	1936.21	1	-411
71346502	164877	5248.53	1936.21	1	-411
79352827	164877	5115.22	7931.96	0	411
304923115	164454	5006.33	7774.58	1	-411
828412758	166875	4887.06	2372.87	1	411
2124488870	163775	4854.08	3276.66	3	-411
2674716450	166426	5223.94	7990.36	0	411
1626960293	164406	5544.44	2187.34	5	411
1626960293	164406	5544.44	2187.34	5	411
1626960293	164406	5544.44	2187.34	5	411
2589233141	166426	4832.49	5113.84	0	-411
2589233141	166426	4832.49	5113.84	0	-411
2589233141	166426	4832.49	5113.84	0	-411
639804233	165356	4831.82	5345.35	3	411
1114286797	164243	5058.45	3168.98	7	411
1418843629	166982	5288.45	6044.56	2	411
10631037	166423	5154.97	7096.11	0	-411
1096930789	164916	5936.87	5481.05	26	-411
1686147055	165391	5325.1	9629.14	1	-411
1517236001	166972	5256.84	12034.1	2	-411
371386463	163880	5632.98	2922.42	3	411
813156495	164696	5286.75	12695.4	0	-411
6515917	165036	5348.92	5290.22	1	411
1804736297	162595	5239.64	12726.3	4	-411
1804736297	162595	5239.64	12726.3	4	-411
2417282082	166719	4845.96	5915.33	1	-411
152440189	163992	4885.58	11707.6	2	-411
1721375453	163992	5017.45	3814.76	2	-411
712146218	166323	5120.7	7778.67	2	411
864208030	166283	5204.82	5947.25	4	411
1259996318	166283	5049.68	2828.98	1	411
878465649	167107	4972.4	4632.67	2	-411
878465649	167107	4972.4	4632.67	2	-411
1846484962	163874	5007.13	5303.11	1	411
1068104131	165375	4898.07	2361.01	1	-411
340642710	166710	5177.07	5425.89	2	-411
349240116	166710	5000.71	8782.18	0	-411
1509881067	164649	5012.29	11108.9	0	-411
749527175	164449	5006.8	5837.66	1	411
261352160	164400	5362.63	3532.89	4	411
261352160	164400	5362.63	3532.89	4	411
280869953	163994	5359.11	5927.56	0	411
1353379875	165507	5114.79	5359.31	2	411
147987694	163596	5066.52	9288.54	1	411
208041412	167018	5114.86	7186.58	10	411
2002877269	163607	5541.16	4974.3	0	-411
289754062	166335	4930.5	6738.56	3	-411
234569610	165518	5394.3	8910.58	1	411
1523759888	166322	5795.69	2645.16	1	411
2516123820	166429	5233.44	3189.04	3	411
257172364	166429	5379.38	8709.92	2	411
395305447	166429	4824.54	2475.26	3	-411
2434016486	166983	5345.62	7094.47	1	-411
1001598725	166683	5050.35	6995.83	4	411
1196921221	167023	4901.95	6529.28	2	411
1196921221	167023	4901.95	6529.28	2	411
194892393	164076	4865.43	6679.82	1	411
1669337649	164451	5300.35	10533.6	1	-411
17977569	166980	4971.23	5917.26	1	411
892776635	163990	4887.54	3117.12	1	411
1447916733	166985	5202.33	2726.99	21	411
1073639733	163112	4896.75	6001.91	1	-411
1156068042	163485	5133.67	6613.36	0	411
183890532	164442	5261.01	8639.57	1	411
256063318	164457	5199.72	11586.1	3	-411
188125645	164454	5266.22	10120.6	0	411
218873439	163756	5701.1	7491.26	0	-411
3029043117	166957	5299.86	11432.2	1	-411
733066081	164082	5272.22	8274.46	1	-411
827472716	164082	4890.91	10764.6	0	-411
827472716	164082	4890.91	10764.6	0	-411
2312885318	166982	5272.16	3922.69	3	411
1245605921	163596	5216.57	7852.03	1	-411
110782562	163874	5167.96	3064.88	2	411
110782562	163874	5167.96	3064.88	2	411
769954277	165407	4901.81	8891.82	1	411
562614866	165513	5303.8	5273.31	2	411
1627604153	163496	5265.15	3383.31	2	411
1627604153	163496	5265.15	3383.31	2	411
49431347	166683	5049.85	5433.27	0	411
49431347	166683	5049.85	5433.27	0	411
1620378725	165037	5182.09	3541.81	7	-411
1620378725	165037	5182.09	3541.81	7	-411
1801166259	165037	5297.26	2110.97	1	411
1705050409	165061	4845.23	5032.59	0	411
1494852702	164698	5193.04	4748.48	3	-411
1894675238	166718	4843.19	6931.37	0	411
1353031977	166280	4915.52	18495.9	0	-411
553090721	167128	5062.66	4599.88	0	-411
1120003322	167128	5242.3	8680.74	1	-411
1120003322	167128	5242.3	8680.74	1	-411
1277461187	166646	5217.25	6006.07	0	-411
149734408	166892	5073.92	6130.66	11	411
149734408	166892	5073.92	6130.66	11	411
229173790	166335	5156.4	5876.48	0	-411
202578638	166896	5595.91	4143.58	0	-411
9370885	166646	5088	4147.31	1	-411
1120058129	163426	5277.9	3412.02	0	-411
1800586691	163645	5058.89	4814.93	0	-411
938286806	163994	5175.62	5838.68	1	411
259193559	164187	5280.69	4553.17	9	411
736948206	165035	5074.32	15395.6	0	-411
810241373	165035	4816.55	6103.75	3	-411
2119208473	164087	5361.81	18554.9	4	-411
2119208473	164087	5361.81	18554.9	4	-411
2119208473	164087	5361.81	18554.9	4	-411
2246546837	164087	5397.85	13036	2	-411
2246546837	164087	5397.85	13036	2	-411
1208391772	164087	5367.79	2123.14	1	411
1208391772	164087	5367.79	2123.14	1	411
1959785687	164087	5275.67	6646.78	0	411
802390541	164123	5147.25	6858.11	1	411
2373068022	166664	5293.22	11332.5	1	411
449821973	163372	4946.64	7273.45	0	-411
172266076	164537	5363.81	1721.07	0	-411
1459379572	166727	4820.19	29074.4	1	-411
2497002823	166727	5362.51	12824.7	0	-411
543314803	166727	5125.16	5559.19	0	-411
1843631295	165075	5920.21	1761.62	2	411
661560730	164092	5460.71	6380.31	1	-411
478118985	166649	5602.22	3057.89	21	411
478118985	166649	5602.22	3057.89	21	411
478118985	166649	5602.22	3057.89	21	411
478118985	166649	5602.22	3057.89	21	411
478118985	166649	5602.22	3057.89	21	411
359104959	166711	5149.42	7901.42	5	411
1318611523	166892	4848.22	6560.53	1	411
2461047725	164188	4876.91	6772.18	1	-411
1807881146	163599	5991.36	4935.43	3	-411
1807881146	163599	5991.36	4935.43	3	-411
2186524768	165391	4988.87	13168.8	1	-411
2182421039	165406	5353.54	5865.54	1	-411
995186941	167063	5057.06	7136.22	0	411
530922013	164182	5361.37	2330.88	1	-411
687715450	164182	4954.36	13411.6	2	411
2114791773	166683	5576.11	1709.34	2	411
2323915911	166683	5093.59	3193.11	1	-411
2117335994	166683	4915.98	8973.47	2	-411
2117335994	166683	4915.98	8973.47	2	-411
2539919559	166643	5031.86	5362.24	0	-411
2487983813	166982	5428.84	3299.89	0	-411
1742525101	163882	5354.27	8135.32	1	-411
1038024029	164086	5085.26	6566.43	4	411
1038024029	164086	5085.26	6566.43	4	411
707447905	165064	5158.32	3114.89	3	411
365607958	164245	4933.91	4264.46	1	-411
1018110611	164245	5295.23	4776.44	3	411
1018110611	164245	5295.23	4776.44	3	411
1018110611	164245	5295.23	4776.44	3	411
1572209738	166660	4916.62	5340.61	13	411
1390587447	166660	5062.46	8981.32	0	-411
40291735	166660	5209.91	10443.4	6	411
1295173551	166976	5039.77	6617.99	2	-411
403625300	164094	5522.18	5629.85	1	411
1183052408	167123	5375.58	3537.34	3	411
2792969147	167123	5475.13	15187	0	411
1580508397	166711	5369.51	8026.01	0	411
1517522719	166956	4850.4	6446.97	9	411
28486787	163783	4903.44	5147.88	4	411
1426246702	166882	5193.02	11767.3	1	-411
1559797125	166882	5327.15	2302.16	2	411
1737403453	166651	5387.6	15248.5	0	-411
2215063237	166651	5145.79	8588.66	1	-411
69732668	164006	5178.36	6632.37	1	411
880961615	164663	4926.25	7026.2	1	411
361443202	167123	5249.37	2443.69	2	-411
361443202	167123	5249.37	2443.69	2	-411
2036821597	166661	4862.92	2950.1	0	411
1799142017	165052	5994.62	3255.34	1	411
58550908	167120	4996.14	2971.31	2	411
278584444	164697	5081.28	4107.24	1	-411
699223915	165050	5438.8	1881.83	1	411
682895648	167126	5105.09	2976.58	1	411
17938786	164002	5900.43	5732.01	6	411
1700197496	166982	5441.5	2939.44	4	411
882022080	166648	5246.67	5335.47	49	411
346503202	166648	5015.52	9061.26	1	411
346503202	166648	5015.52	9061.26	1	411
346503202	166648	5015.52	9061.26	1	411
540648915	166955	5346.73	3884.5	1	411
735479928	166955	5378.58	7768.77	1	411
761404134	163366	5000.32	2722.3	2	-411
761404134	163366	5000.32	2722.3	2	-411
2165043825	165518	5379.37	6082.22	3	-411
802733454	165518	4872.79	7337.53	2	-411
970008154	165386	5585.47	3657.78	0	411
530494773	164455	5158.29	3007.14	1	-411
1036995787	164455	4854.53	6866.29	0	411
1083266826	163167	4829.95	15182.3	3	411
1083266826	163167	4829.95	15182.3	3	411
1083266826	163167	4829.95	15182.3	3	411
1322540156	163119	4959.75	4991.85	7	-411
46008785	163050	5214.78	5996.15	3	411
152320514	164003	5542.11	2047.44	1	-411
770210407	163037	4904.3	2562.7	0	-411
554578011	163037	5061.3	2619.42	5	411
227660828	165518	5152.1	5559.57	1	-411
560316345	165518	5123.86	3009.2	3	-411
233386461	164668	5922.66	2500.09	0	-411
1832068944	164527	5014.48	2875.52	1	411
1067862379	166770	5340.27	6723.84	0	411
2623895383	166531	4828.16	3138.92	2	411
81644492	166956	5740.74	3431.78	32	411
253010919	166956	5345.35	11634.7	0	-411
1602461909	163992	4829.08	17081	0	411
1602461909	163992	4829.08	17081	0	411
1602461909	163992	4829.08	17081	0	411
1602461909	163992	4829.08	17081	0	411
1328577233	166976	4872.25	10891.7	1	411
1212637097	166470	5187.52	5308.06	2	411
2544020243	166686	5544.05	7853.79	1	411
662036686	163640	5055.87	4593.27	0	-411
289863462	163879	4861.82	6651.6	1	411
713536715	164825	5374.55	4057.59	0	411
895130864	163482	5328.52	14071.3	0	411
31938689	163482	5113.48	5790	1	411
2354678271	166712	5470.42	3238.6	1	-411
2354678271	166712	5470.42	3238.6	1	-411
96762882	165078	5260.73	5198.12	0	411
1497320426	166687	4914.84	14142.5	0	411
159198309	167116	4961.13	7717.71	0	411
2423053411	165053	5109.21	3585.97	8	411
77590201	162880	4916.8	3436.13	1	411
640587408	162880	5099.89	3049.52	0	-411
749471693	167134	4971.24	5421.71	2	411
749471693	167134	4971.24	5421.71	2	411
842848913	166903	4929.91	7365.96	2	411
1354884096	166903	5104.72	9738.74	4	411
656269811	165417	5571.46	3734.2	1	411
656269811	165417	5571.46	3734.2	1	411
656269811	165417	5571.46	3734.2	1	411
656269811	165417	5571.46	3734.2	1	411
2578245818	166428	4969.22	15271.1	0	411
1511902910	166903	5213.65	18614.3	1	411
377713491	166903	5339.2	4255.18	2	411
1734456889	166974	4938.81	2860.33	1	411
724894953	166902	5117.51	6485.52	0	-411
927595353	166329	5211.07	4432.9	1	411
1946254858	166904	5532.75	2455.43	1	-411
640645327	166658	4978.11	9709.27	1	411
837900396	165517	5397.64	4114.64	1	-411
837900396	165517	5397.64	4114.64	1	-411
1154918828	166770	5347.9	2630.48	1	411
2156056663	165073	5502.1	1782.01	2	-411
2156056663	165073	5502.1	1782.01	2	-411
1874213549	165073	4943.62	5030.84	2	411
1624726868	166887	4831.96	8498.36	5	411
1940788096	164698	5248.02	1841.53	0	411
530521930	163496	5035.96	4917.96	1	411
1153705074	163496	4949.96	6784.96	0	411
749682547	163496	5562.29	17058.1	5	411
157278985	163496	5318.56	6414.1	0	-411
2262313073	165514	4946.49	17222.4	0	-411
137627756	163434	5037.96	2834.24	0	-411
1073195951	166279	5237.26	3184.63	7	411
1073195951	166279	5237.26	3184.63	7	411
1656426310	167128	5580.07	16200.3	1	-411
970325932	166687	5254.43	11678.6	1	411
1241336250	167128	4875.35	3284.85	1	411
923956975	166906	5375.81	12976.3	1	411
113601675	166906	4800.46	4162.62	1	411
2063399680	166773	5096.92	1914.14	1	411
2673840033	166773	5209.19	11112	0	411
1483237132	166538	4968.79	3384.62	6	411
1366611329	166538	5224.44	3999.26	2	411
202225526	164990	4872.8	2208.39	2	-411
14868548	164990	5035.36	3272.51	6	411
2064556833	164187	5176.26	8589.59	3	-411
1218874235	163442	5108.3	2789.43	4	411
2326861190	166470	5111.42	1534.8	0	411
1721148122	167128	5377.95	3259.39	2	411
1721148122	167128	5377.95	3259.39	2	411
1163039710	163501	5230.62	2910.26	7	-411
640206605	163486	5140.22	3981.77	1	-411
19070941	163051	5107.89	4310.83	36	411
17086464	163051	5355.86	5498.11	0	-411
50666300	166967	5146.43	4446.8	2	411
50666300	166967	5146.43	4446.8	2	411
568971732	166967	4989	3585.85	0	-411
2426895484	164017	5524.33	13590.4	1	-411
659192947	164452	5687.22	2856.23	1	-411
850698949	166656	5352	3133.28	0	-411
158503924	163596	5288.9	2246.87	0	411
2703312973	165521	5324.95	2937.03	5	411
2407727233	165405	5040.64	9958.65	0	411
2407727233	165405	5040.64	9958.65	0	411
2395060087	165405	4921.51	6800.59	3	411
2395060087	165405	4921.51	6800.59	3	411
2249390396	165520	4946.62	5847.71	0	411
930620615	165406	5624.88	5404.63	0	-411
166495409	165406	5179.8	7225.79	0	-411
1942337943	165406	5228.39	4720.58	0	411
1988083587	162595	4996.8	4226.43	1	-411
1641803290	166531	4960.78	3970.41	7	411
1820368862	166531	5262.4	3568.71	1	411
2601557267	166670	5135.63	12365.7	0	-411
1491790880	165526	5081.99	21177.3	1	-411
1459406942	164200	5173.96	4876.59	33	411
133162417	166708	4890.25	4402.9	1	411
893104481	163426	4939.51	9244.36	1	411
250851210	165036	4949.42	5718.95	3	411
61084697	163758	5456.72	2415.22	3	-411
3455931	163758	4905.33	9195.57	1	-411
367550229	166664	5139.05	4797.5	2	411
1759467213	162884	5181.55	2979.93	1	-411
1759467213	162884	5181.55	2979.93	1	-411
91797362	165415	5028.81	4813.92	0	-411
2039970717	166424	5171.93	7192.31	1	411
463415840	166973	4849.81	4782.53	1	411
1075104628	163501	5179.73	9744.42	1	411
1056083157	166687	5324.69	16141.6	2	411
1056083157	166687	5324.69	16141.6	2	411
235974547	166970	5559.56	4533.71	3	-411
36935608	162846	5206.1	3760.81	3	411
207184834	166365	5910.47	5325.21	2	411
1417491727	163883	5073.24	2180.84	1	-411
2606297843	167134	5080.67	11158.5	5	-411
784982998	167136	5140.4	3316.63	2	411
464806136	167136	5049.57	2747.93	2	411
569385935	167136	5110.45	9195.18	1	-411
171262143	166896	5412	3487.55	1	-411
1803149824	167129	5042.04	4195.97	3	-411
2278436796	167129	5099.48	8877.76	0	-411
2425559077	167129	5107.49	8406.41	2	-411
240264995	164235	4985.71	4802.54	5	411
1191103995	163486	5388.48	4385.25	8	-411
917243970	163486	4883.68	2904.3	2	-411
129792949	164302	5151.92	3630.42	3	411
118234493	163882	5296.43	4059.96	5	-411
1281349932	167120	4986.38	8879.61	1	411
1322034568	165064	5393.4	6579.09	1	411
2630834276	166719	5354.42	19225.7	3	-411
1220373588	166280	5295.08	5997.36	0	411
394018246	166280	5335.94	7222.53	1	-411
623587848	164187	5594.38	3173.26	1	-411
908419894	166973	5166.07	3631.21	1	411
239775696	166873	4978.64	8004.95	1	-411
695436749	162288	5036.88	5024.98	0	411
695436749	162288	5036.88	5024.98	0	411
1017412580	165306	5377.73	7549.4	1	411
807123001	166967	4916.27	16745.7	1	411
739344493	166967	5238.87	4983.25	0	-411
33939484	162623	5769.6	3241.23	3	-411
462606544	164442	5258.47	5628.2	3	411
1239123023	164662	5091.1	8942.91	1	411
1753201070	164449	4932.48	7890.09	1	-411
363311561	166959	5726.03	3556.18	1	-411
232415360	166959	5357.88	3339.68	0	411
660149892	166324	4985.28	5800	2	411
91840048	166324	4974.18	3404.66	9	-411
924945193	164694	5065.25	5216.85	1	411
710520571	166429	4981.51	3822.35	0	411
676044995	166429	5168.97	5379.72	0	411
676044995	166429	5168.97	5379.72	0	411
609306617	163166	5206.52	5217.87	0	-411
833345493	165512	5138.28	5046.69	1	-411
1817688625	166969	5337.08	4381.69	0	-411
935261809	165527	5263.74	3847.04	1	411
1087453216	165527	5362.91	1644.8	9	411
90087762	165420	5045.8	3244.98	8	-411
90087762	165420	5045.8	3244.98	8	-411
1902662834	165516	5047.68	9610.96	6	411
1302859831	163878	5189.12	6717.09	0	-411
2741183543	166474	4968.63	2633.56	2	411
2150310860	164668	5285.25	4425.86	2	411
5865201	166770	4978.43	4497.83	3	411
5865201	166770	4978.43	4497.83	3	411
5865201	166770	4978.43	4497.83	3	411
5865201	166770	4978.43	4497.83	3	411
5865201	166770	4978.43	4497.83	3	411
1050002852	166424	5346.92	9258.09	1	-411
2450052154	166424	4840.36	3446.53	1	411
236604223	164537	4877.64	3371.89	5	-411
112920326	165408	5369.09	4153.22	2	411
1329982217	165408	5523.07	5577.45	1	-411
161940318	163739	5003.53	9689.69	0	-411
813459107	166904	5185.14	4842.82	1	411
1329150792	166643	5630.75	9278.8	1	-411
2263515747	166643	5477.38	6578.13	4	411
2263515747	166643	5477.38	6578.13	4	411
2263515747	166643	5477.38	6578.13	4	411
2263515747	166643	5477.38	6578.13	4	411
2263515747	166643	5477.38	6578.13	4	411
851086415	164670	5101.49	14327.3	2	-411
171279711	163769	5091.23	8121.56	2	411
117485450	164408	5340.18	13443.5	0	-411
2431621035	166955	5062.86	2448.51	3	411
1326926021	165069	5059.1	4728.61	1	-411
490064077	163783	5359.71	1514.84	0	411
1126931464	164460	5825.86	5179.66	1	-411
498230370	164082	5125.07	5992.5	0	411
1582508442	164247	5280.42	2926.41	0	411
100857302	162538	5347.67	5668.11	1	411
407343587	164180	5376.79	2471.46	1	-411
1486580090	165404	4949.42	8049.03	1	411
170329745	166660	5304.26	4102.18	7	411
170329745	166660	5304.26	4102.18	7	411
1959158543	165049	5232.95	4997.06	0	411
1199310493	163157	4872.93	5794.32	1	411
1199310493	163157	4872.93	5794.32	1	411
516349151	166683	4962.36	3279.94	4	411
2135658104	166652	5188.99	1949.12	4	-411
312044360	166714	5047.2	2493.16	3	-411
1960278140	165075	4869.98	11632.8	1	-411
454035274	163867	5230.99	5907.54	0	-411
694574222	163867	5063.92	5446.27	3	411
338131911	164429	4934.05	6371.95	0	-411
284280621	165052	5157.2	7653.02	1	-411
614302466	165525	5301.31	1887.4	2	411
614302466	165525	5301.31	1887.4	2	411
2289146680	166985	4935.2	5698.51	1	-411
682568212	164001	5071.76	27332.4	6	411
1604753597	164444	4893.38	6454.94	10	-411
1895579492	164444	4899.39	9350.4	0	-411
2654483600	166660	4858.2	6256.62	1	411
126011400	164182	5312.79	11141.2	4	-411
126011400	164182	5312.79	11141.2	4	-411
126011400	164182	5312.79	11141.2	4	-411
563267929	166474	5822.37	2346.93	3	-411
923702102	164672	5181.13	3681.76	1	411
2312656966	166426	5032.14	4120.4	0	411
144270232	164400	4836.3	5553.58	1	-411
444673186	166902	4992.86	3989.73	0	411
847462031	163786	5376.62	8032.88	1	-411
3022489006	167130	5256.67	6761.5	0	-411
797478870	167130	5360.14	1914.31	2	411
447338104	164004	5057	5941.01	4	-411
1407724635	163391	4974.91	5261.76	1	411
759153845	165379	5374.84	8390.73	1	411
479418389	163639	5137.58	6694.05	1	-411
2685491818	165379	4825.67	11668.1	0	-411
1927561040	166717	4900.86	2201.57	0	411
66445696	164883	5417.75	3063.61	1	411
2738164587	167113	4875.57	14155.6	1	411
2738164587	167113	4875.57	14155.6	1	411
1254585272	164333	5351.51	4195.84	2	411
2560126536	164189	5692.73	4641.77	0	-411
2560126536	164189	5692.73	4641.77	0	-411
2172229005	165026	5356.86	9632.63	0	411
1798719474	164003	5126.93	14526.3	1	411
642645627	163374	5201.68	2093.96	0	-411
347455337	164455	5146.19	7299.02	0	411
70345307	166365	5138.23	4175.9	1	411
316624730	166682	5260.82	5860.39	0	-411
2258093678	166669	5385.89	3643.41	0	411
1463796097	165413	5372.35	6016.9	1	-411
141791147	166884	5128.68	1839.41	12	411
182825449	167061	5787.68	7313.01	0	411
1073773945	165046	5235.59	2359.96	6	411
2058402359	163465	4846.56	4770.81	3	411
93856481	166425	5586.29	10359.7	1	411
1490703509	163482	5218.94	16990.5	1	-411
514252018	163482	5087.12	2992.66	0	411
2182717316	166724	4958.96	1730.27	2	-411
718460516	163851	4828.49	11314.6	4	-411
2207531259	164086	5346.17	4141.41	1	411
221347596	164695	5033.86	9115.96	0	411
550448511	164695	4828.68	4896.28	0	411
2319894012	166687	5379.64	7640.91	1	-411
578177146	166687	4960.77	3663.87	0	-411
1210449841	166323	5062.63	4804.19	0	-411
385687891	167023	5492.96	12483.5	1	-411
2990033724	167107	5024.29	5838.66	1	-411
985627638	165401	5576.05	7041.23	0	411
1812630067	167107	4895.77	1841.37	1	-411
3004225203	167107	5131.53	2186.43	1	-411
1691662240	165507	5259.09	10668.2	0	411
797344156	163645	5268.92	3308.01	2	-411
1562212359	164184	5357.39	4916.45	0	-411
1562212359	164184	5357.39	4916.45	0	-411
118553149	164328	4977.07	14881.6	1	-411
2575617158	164187	5057.79	2798.83	2	-411
2613698617	166647	5442.53	1538.03	5	411
606944688	165515	5071.98	4682.6	3	411
843146756	166976	4964.68	12275.7	0	-411
700113664	164534	4892.07	5143.91	3	411
291268182	166707	5454.48	3808.77	0	-411
1709792718	164237	5425.08	2630.95	10	411
465523638	163873	4918.78	3289.14	1	411
1595155737	166535	5027.11	3272.21	2	411
1187132357	165402	5348.6	6155.42	4	411
2045983342	163640	5199.78	2285.54	0	-411
565849895	164694	5375.14	4939.61	1	-411
1831464273	163873	4951.28	15230	0	-411
2402355127	165512	5175.05	5348	14	-411
2402355127	165512	5175.05	5348	14	-411
1216318016	166954	4960.24	4240.65	2	-411
17880526	166954	4858.06	7440.88	2	-411
1384786295	165038	4882.12	7598.41	1	-411
2163056061	163882	5239.31	4239.52	8	411
2164506002	163882	5148.75	1349.1	0	-411
518534760	165036	5726.53	7235.99	8	411
1270789802	165050	5148.6	2080.1	3	-411
1079094240	165064	5048.77	3684.44	15	-411
1061305951	164920	5255.13	3086.76	1	-411
620677507	166711	5037.41	1873.63	0	411
620677507	166711	5037.41	1873.63	0	411
180228510	166468	5009.46	6711.15	1	-411
368961019	164002	5071.66	7287.93	1	-411
21789864	164457	5046.15	2438.35	0	411
2292371504	164017	5357.96	5102.99	3	411
290510577	163783	5090.81	8526.32	2	411
150464466	163599	5353.97	4894.66	2	-411
1394442544	166964	4818.5	3759.59	18	411
1437750082	164200	5332.48	3372.52	0	-411
1475682222	164429	5174.22	1546.86	0	411
1486551397	165526	5062.44	2941.64	1	411
681166661	167111	5036.3	6603.46	2	411
1858254498	164242	5224.29	7334.13	1	-411
179843809	165065	5368.67	13753.9	0	-411
2123751945	164819	5090.85	19293.3	3	411
2123751945	164819	5090.85	19293.3	3	411
179603462	164819	4972.79	8777.33	2	-411
179603462	164819	4972.79	8777.33	2	-411
1453530664	164123	5152.85	3433.04	1	-411
486060016	162995	4929.45	4332.84	1	-411
379323820	166967	4864.09	5170.29	0	411
379323820	166967	4864.09	5170.29	0	411
782672967	166969	5901.83	1103.56	0	-411
456775821	163879	4823.19	6757.96	1	-411
458455540	166987	5171.08	2482.44	0	411
458455540	166987	5171.08	2482.44	0	411
1000172448	163391	5242.98	4051.95	1	-411
742731059	163614	5344.82	7538.37	0	411
856950747	166324	4999.28	4840.47	1	-411
2745783886	166773	4974.6	2974.94	0	-411
756003480	164437	5320.5	3020.07	1	411
978156758	164437	4981.3	3436.1	0	-411
6554605	167020	5101.3	6745.43	0	-411
2238951369	164189	5200.86	4783.97	0	-411
369486284	163372	5267.77	7967.18	1	-411
542456718	167020	4851.04	2552.19	0	-411
1051636422	162837	5249.95	5504.9	0	411
1554566788	165057	4978.15	7140.45	1	-411
368447822	165417	5204.69	11411	8	411
428963708	165417	5298.87	5578.45	1	-411
1184498217	167134	5090.18	7262.81	0	-411
1751444782	165073	5902.45	3759.42	2	411
815699166	166880	4985.28	9602.54	4	411
156781866	166886	5326.82	11892.6	2	411
156781866	166886	5326.82	11892.6	2	411
51790600	165405	5027.61	3375.48	0	411
1489854857	166770	4829.51	2973.09	1	411
1414894025	166901	4999.56	3332.83	1	-411
1039686628	164442	5376.61	9012.02	0	411
945116807	164662	5252.95	12455	1	-411
30750342	165024	4873.35	2434.63	3	411
119233276	163542	5131.18	1642.01	1	411
287001818	163542	5389.05	2780.08	8	411
287001818	163542	5389.05	2780.08	8	411
603025214	165031	5364.39	2721.35	0	411
418479025	162595	5685.1	3619.7	1	-411
1044946181	163603	5015.42	9774.82	1	-411
1629468212	167061	4893.85	4697.3	0	411
811789351	163165	4866.52	4774.68	1	411
598037323	166332	5235.46	6306.41	0	-411
851809978	167128	5653.18	4716.77	1	411
252960305	163370	5093	982.537	0	-411
629705485	166724	5167.09	5892.33	0	-411
2818909033	166719	5114.5	11692.8	0	-411
225101381	166652	5037.1	8767.63	0	-411
661585574	162877	4941.33	4436.51	1	-411
2215881154	166722	5487.29	1870.13	14	411
2215881154	166722	5487.29	1870.13	14	411
136484739	164699	4932.14	10366.7	2	411
578895791	165409	5349.36	8711.96	0	-411
664686855	164243	5590.32	2527.16	1	-411
404300489	166956	5368.01	4734.73	0	-411
2312385306	165405	4959.42	9699.61	1	411
970497627	166426	5498.04	16441.7	1	-411
55062247	166368	5165.45	2829.83	1	411
1758164721	164459	4855.38	4291.19	0	411
966246899	166880	5201.02	6713.7	1	-411
966246899	166880	5201.02	6713.7	1	-411
474078533	166889	5215.36	5841.66	1	-411
771500034	166659	5338.48	4347.74	1	-411
266287168	167024	5184.96	7391.3	23	-411
266287168	167024	5184.96	7391.3	23	-411
1595164229	165052	5482.53	2392.78	1	-411
817902836	167123	5327.28	12182.7	1	-411
242127362	166891	5534.21	3689.48	2	-411
242127362	166891	5534.21	3689.48	2	-411
1371975364	166646	5165.16	3135.71	1	-411
1816501457	166719	4901.79	2649.4	0	-411
1271885741	165036	5338.85	8254.83	0	411
1630535268	166646	5175.4	7623.64	1	-411
269422667	164455	4838.19	9678.48	3	411
269422667	164455	4838.19	9678.48	3	411
148389738	164455	5039.13	11164.3	16	-411
148389738	164455	5039.13	11164.3	16	-411
617500513	166426	5068.19	10130.4	0	-411
408427711	166332	5169.59	10818.8	2	411
193138885	166332	5395.55	3205.73	1	411
1064008946	166438	5365.81	3510.52	0	-411
1090654207	163763	4812.31	6700.62	6	411
1245211507	166438	5351.8	4033.62	0	411
1710785357	166438	5116.66	8300.75	0	411
708139008	163763	5051.53	5492.29	0	-411
1677349471	165061	5612.75	5820.3	4	-411
2074670329	165053	5152.44	5508.67	1	411
2277215742	165062	5496.26	2444.12	2	411
344778409	165037	5250.22	3608.03	1	-411
1080192500	167134	5164.4	3444.75	4	411
1080192500	167134	5164.4	3444.75	4	411
539860002	166664	4817.05	7813.57	1	411
777590864	164333	4888.7	4576.35	1	-411
1118736317	164333	5129.7	4968.5	4	-411
1432340131	166664	5374.15	1785.33	45	411
1432340131	166664	5374.15	1785.33	45	411
8151163	164200	4884.56	11147.7	0	-411
1480118054	163496	5362.03	2671.29	2	-411
708571627	166668	4958.17	6568.63	0	411
622722048	166668	5140.03	3244.69	1	411
722470590	165526	5491.66	2100.08	5	411
418276479	165526	4922.44	2059.03	2	-411
1498263068	165375	5146.29	11254.3	1	411
1275632590	166727	5273.8	5701.43	1	411
291550504	166439	5143.94	3100.52	2	-411
766190989	164017	4811.26	2221.31	2	-411
1821073654	164003	4960.06	11759.2	21	411
574233705	163769	5237.47	4828.29	3	-411
574233705	163769	5237.47	4828.29	3	-411
1214709049	166975	5123.71	7025.08	1	411
1315854888	164188	5126.08	11152.5	4	-411
1315854888	164188	5126.08	11152.5	4	-411
1396536662	164243	5366.39	5367.03	0	-411
340847057	162540	5386.08	4300.19	0	411
758080512	162540	4862.79	8682.2	0	-411
811723644	162540	5160.52	1781.01	0	-411
353545033	166609	5366.87	2375.49	1	-411
499166835	164662	4905.73	3599.29	3	411
83903212	163990	4988.22	4020.3	1	411
589606396	166983	5214.67	8769.74	1	-411
2606071315	166687	5190.82	4786.31	4	411
1658508234	166882	5041.52	2326.41	1	-411
965815620	164092	4822.43	3620.23	5	411
2381350310	164092	5030.89	1995.05	0	411
1270439526	165057	5078.41	10729.7	0	-411
1473642322	164696	5298.81	2714.28	5	411
1473642322	164696	5298.81	2714.28	5	411
1473642322	164696	5298.81	2714.28	5	411
98775795	164002	5239.86	20816.2	0	411
2137708769	166974	5396.78	3941.86	2	-411
416713802	165391	5206.72	4330.93	3	411
630740673	166977	5180.47	9764.23	1	-411
1236637733	165400	4924.45	6298.74	5	-411
400560527	164444	4872.15	6589.95	2	411
1330646116	164536	5365.17	2578.4	0	-411
3012108869	166977	4843.84	7889.16	2	-411
236812268	162549	5172.97	5799.95	1	-411
314894015	162549	5398.33	5343.02	2	-411
314894015	162549	5398.33	5343.02	2	-411
646562695	165062	5542.05	1920.42	1	411
75489461	167134	4879.08	6603.77	3	-411
75489461	167134	4879.08	6603.77	3	-411
328093078	165035	5546.52	2638.07	5	-411
952565645	167126	5228.91	17453.6	1	411
1204395026	164454	4861.63	10667.4	6	411
1664895267	167126	4836.25	2103.93	1	-411
1420077049	164333	5029.54	5750.62	1	411
65399932	166664	5038.96	4314.63	0	-411
891934699	167113	5137.57	12114.4	1	411
1787048164	163372	5306.73	4221.26	14	-411
1787048164	163372	5306.73	4221.26	14	-411
1787048164	163372	5306.73	4221.26	14	-411
1787048164	163372	5306.73	4221.26	14	-411
147279854	164908	5316.37	18209.8	2	411
1847399551	163609	5167.74	3009.15	1	411
1186184697	163609	5081.04	2939.43	1	411
1374567320	166682	5358.03	3261.59	0	-411
1675206284	167023	5239.64	6367.56	0	-411
875064030	165528	5023.55	3762.31	0	411
168003729	164288	5157.98	5884.82	1	-411
1215299468	164444	5072.38	3073.04	1	411
1215299468	164444	5072.38	3073.04	1	411
2185674700	166660	5431.49	4829.23	4	411
202654506	165520	5371.09	4744.94	0	-411
589357272	164012	5575.23	3684.02	1	411
491485192	166985	5381.27	4430.72	0	-411
158415215	166724	5323.21	3781.29	1	411
705272812	166724	5389.09	10073.5	0	411
1936022913	165516	5336.86	10767.2	2	411
893403157	165406	5142.36	3969.28	0	411
49383553	164447	4802.95	9410.26	0	411
994953648	165031	4826.09	11773.8	0	-411
2731430915	167134	5393.58	13185.3	0	-411
487078966	166320	5990.18	6203.31	0	-411
739024637	166320	5373.82	3876.28	0	-411
1836594686	164440	5252.69	6615.24	2	-411
2742365144	165520	5164.19	7466.18	4	411
914601320	163426	5276.03	1835.9	8	411
2440511176	167130	5159.52	11600.2	3	-411
729765957	166969	5095.71	2301.28	2	-411
729765957	166969	5095.71	2301.28	2	-411
11987048	166662	5224.25	6482.59	14	411
11987048	166662	5224.25	6482.59	14	411
178923639	166662	5295.96	4512.05	1	-411
695686671	166662	5083.25	6546.15	0	-411
66839530	163755	5073.6	9790.41	0	411
159676096	163755	4978.43	3883.71	5	-411
29321319	162531	5136.87	6137.29	1	411
481843359	166662	5101.05	3784.37	10	411
284623645	166662	5359.21	3099.01	2	411
1327299166	166662	5185.44	4447.22	2	411
414295665	163755	5039.68	3500.54	1	411
28436036	167018	5125.76	8708.49	1	-411
702247636	163607	5473.05	12755.9	6	-411
702247636	163607	5473.05	12755.9	6	-411
1585870031	164663	4995.29	6297.06	4	411
1092352021	163985	5049.6	7201.82	2	411
488450859	163167	4906.94	18436.9	2	-411
1290658701	166906	5335.29	2413.74	3	411
364454200	163873	5253.75	5832.4	1	-411
1602340	166643	5305.81	2046.88	0	-411
1275427904	167112	4923.12	3148.68	1	411
1739395635	164245	5287.36	2346.97	1	411
448346583	163394	5104.61	1353.11	1	411
2520451791	167117	4867.01	7117.32	0	-411
211718890	165306	5091.77	4510.28	1	411
211718890	165306	5091.77	4510.28	1	411
2362278161	165069	5260.23	2266.2	9	411
454684297	165069	5276.49	4994.49	3	411
142337575	163311	5553.84	1813.78	4	411
322094250	164448	5228.28	1885.03	0	411
118736640	165069	5122.44	5404.35	1	411
125912963	164666	5310.76	17366.1	2	-411
125912963	164666	5310.76	17366.1	2	-411
125912963	164666	5310.76	17366.1	2	-411
852019234	164000	5363.1	5967.23	1	411
319344548	165420	5031.25	7160.88	1	-411
319344548	165420	5031.25	7160.88	1	-411
687675004	166656	5312.55	2193.74	1	411
2232378045	164000	5108.27	3668.55	3	-411
1546748252	164000	4931.99	6818.81	1	411
2389098138	164000	5175.61	7320.64	1	411
778543583	166428	5194.24	4402.95	1	-411
2663226981	166428	5892.19	9907.81	2	411
1614936006	166428	4871.1	11073.3	14	411
1316230458	166429	5224.76	2082.27	14	411
693499720	166634	5488.98	11136.5	1	-411
1164550085	164447	5026.59	3340.98	0	-411
685187024	164447	4977.69	2932.47	1	-411
37589672	164017	5357.94	8337.15	1	411
548045861	163501	4914.83	6249.07	0	411
113425137	163039	5713.75	7556.07	1	-411
1488738483	166970	5899.18	9863.22	1	-411
1815580940	166670	5248.94	11963.8	0	-411
152957878	163988	4922.71	5901.24	0	-411
1336481278	165375	5573.87	8127.82	1	411
208423217	165375	5309.14	2734.61	2	411
208423217	165375	5309.14	2734.61	2	411
598560240	165375	5095.87	1581.34	0	411
1366232192	165403	5182.55	5196.86	0	-411
1412401778	165403	5137.42	5015.49	2	-411
1316283619	165407	4940.22	4446.58	1	-411
2062598505	166898	4860.67	10161.4	1	-411
2110383547	166637	5148.83	3456.55	1	-411
900259690	163111	4986.47	1850.34	1	-411
1251868339	163775	5368.12	4867.5	7	411
1251868339	163775	5368.12	4867.5	7	411
1251868339	163775	5368.12	4867.5	7	411
963603006	166969	5083.38	1959.07	1	-411
255563799	167111	4942.9	4353.42	6	-411
2139461356	166438	5068.27	3945.87	0	411
1356455056	163648	4897.33	4420.08	2	-411
2340863379	163648	4985.28	3960.37	2	-411
1464290696	163648	5077.77	4285.64	2	-411
1732409046	163648	5177.47	1377.72	0	-411
550590187	163648	5037.72	7014.53	0	-411
395287414	164331	5066.82	2629.39	12	411
1369686587	164188	5383.9	11467	8	411
203332326	164920	5682.93	4298.5	50	411
1052905264	164920	5424.84	8735.45	3	-411
1052905264	164920	5424.84	8735.45	3	-411
812479274	166279	5420.45	4308.03	2	-411
824932514	163168	5213.89	5284.34	4	411
1942942913	167129	5174.63	7715.4	1	411
1808419589	166279	5195.86	4061.51	1	411
406677265	164665	5896.69	8927.32	2	411
406677265	164665	5896.69	8927.32	2	411
155785403	164531	5128.45	2178.29	3	411
490139037	164665	5330.61	5202.28	5	411
1895666385	164436	5074.94	4160.91	0	411
2335081301	164091	5018	3269.89	3	411
1367361419	164916	5925.97	3355.28	3	-411
1129256587	164091	4993.39	4952.86	1	411
905295515	166425	4846.07	8534.35	4	-411
934930655	166977	5140.78	1351.06	1	-411
2994308423	166977	5404.45	5470.42	0	-411
922460998	166683	5025.46	3745.19	4	411
988801203	166473	5382.14	1536.46	0	411
971177044	165308	5374.79	9243	0	-411
390055072	164918	4927.34	4653.87	2	-411
260925501	164918	4950.08	3977.36	1	-411
163395204	164918	5228.89	8446.44	1	-411
185400100	163851	5454.21	4279.94	1	-411
1908575337	163851	5252.12	8129.22	1	411
1533108923	166325	4899.03	2065.56	14	-411
1533108923	166325	4899.03	2065.56	14	-411
1533108923	166325	4899.03	2065.56	14	-411
1533108923	166325	4899.03	2065.56	14	-411
1368443876	163882	4947.11	5522.96	1	-411
1626501355	164649	5171.39	4917.59	0	411
687626387	166957	5196.66	6325.58	3	-411
698132250	164649	5360.23	8097.58	2	411
698132250	164649	5360.23	8097.58	2	411
178939586	163783	5200.29	1598.22	1	-411
178939586	163783	5200.29	1598.22	1	-411
324145262	163783	5373.28	9536.78	0	-411
453120941	166704	5052.14	4001.03	1	-411
243731807	166704	4870.83	6419.43	3	411
184584099	164436	5303.02	1910	1	-411
429164536	165031	5088.96	6074.89	3	411
6137337	166722	5026.42	3383.61	1	-411
2419121838	164091	5203.25	4591.63	3	411
2419121838	164091	5203.25	4591.63	3	411
857691157	166323	5871.49	5313.82	2	-411
857691157	166323	5871.49	5313.82	2	-411
1829047620	162883	5378.21	5204.8	2	-411
87436929	162883	5365.21	2944.81	4	411
87436929	162883	5365.21	2944.81	4	411
932890532	162884	5636.82	7723.7	4	411
1159638900	162595	5348.92	5003.34	1	-411
1159638900	162595	5348.92	5003.34	1	-411
1673524678	164073	4971.79	2614.58	4	411
1235636224	166535	5404.41	3707.48	1	411
709269718	164672	5216.87	5298.7	1	-411
709269718	164672	5216.87	5298.7	1	-411
200766815	165400	4911.96	5199.94	1	411
1411145112	163611	5075.38	3426.58	3	411
74451553	165386	4912.42	5803.24	1	411
367314787	162887	5244.35	7558.2	2	-411
1503907179	165053	5452.55	11170.5	0	411
1939161846	163607	4956.44	4463.15	1	411
265290274	167117	5173.41	12776.4	1	-411
1581048942	163607	5112.8	3079.33	6	411
1581048942	163607	5112.8	3079.33	6	411
1581048942	163607	5112.8	3079.33	6	411
828951606	166320	4916.6	3119.99	0	-411
1581708218	166320	5298.04	2584.73	1	411
719682824	166320	5376.27	4665.68	5	-411
1248943593	166320	5177.29	5111.05	2	411
1003670774	166661	5193.83	5877.39	1	411
1126656397	166322	5123.95	5504.04	0	-411
702476851	165402	4881.49	8594.19	1	411
569555082	166716	5198.35	3316.19	7	411
563886556	163102	4866.8	9500.2	0	-411
2571623450	166711	5382.34	3383.2	1	-411
904164847	166647	5059.97	4434.15	1	-411
863485570	167112	5306.51	9425.3	1	-411
1891840611	164245	5020.77	3150.43	1	-411
1436255002	165407	4909.09	5736.82	0	411
1413121591	164194	4972.8	6937.78	3	-411
1413121591	164194	4972.8	6937.78	3	-411
83845479	165407	5082.95	10910.5	1	411
2278421388	165407	4963.95	4710.21	2	411
2278421388	165407	4963.95	4710.21	2	411
232796258	162540	5037.84	1755.28	0	411
2599107148	166973	4944.62	3160.08	0	-411
1544534211	166974	5495.04	1764.21	1	-411
1180899522	166880	4907.99	7780.85	0	-411
278983096	163378	4919.75	3828.36	4	411
672976055	166880	5202.68	7935.06	1	411
250090876	166632	5352.85	11026.4	1	-411
250090876	166632	5352.85	11026.4	1	-411
138159137	166682	5209.32	6859.37	1	411
2334145511	166682	5092.73	10337.2	49	411
216782293	166277	5283.53	4825.18	0	-411
216782293	166277	5283.53	4825.18	0	-411
2182059553	165517	5268.96	6751.93	0	-411
564219288	165528	5781.7	2935.79	0	411
397289883	165528	5399.37	4920.88	1	411
584870373	163783	5128.11	4805.79	1	-411
1521078903	164916	4851.83	4223.73	1	411
1597060085	164454	5116.68	4926.26	3	411
1597060085	164454	5116.68	4926.26	3	411
435270970	163775	4909.64	5959.2	0	-411
296520112	164454	5102.02	7823.62	0	411
285982468	163426	4854.4	5236.94	5	411
1898017247	167061	5066.25	1649.1	0	411
2606833297	167061	5282.41	2862.64	2	-411
983697669	163994	4928.31	10356.7	0	411
1169968140	164194	5353.01	2396.3	3	-411
1218639382	164194	5146.96	3839.19	0	411
239358011	165025	5170.11	5969.84	1	-411
263506358	162837	5147.8	3896.35	0	-411
852347339	163882	5693.99	5000.98	1	-411
2488691207	167020	4867.7	3840.16	4	411
2488691207	167020	4867.7	3840.16	4	411
896234669	164189	5384.53	3815.29	10	411
1329699025	164079	4906.29	14305.5	0	411
1334558971	166641	5004.95	5154.49	0	411
2866048644	166977	5325.59	6505.67	2	411
2866048644	166977	5325.59	6505.67	2	411
1179965914	164698	4817.68	6943.73	4	411
1679224598	164819	5212.6	5576.95	0	-411
610614764	164819	5018.47	2285.35	1	-411
1927924738	164819	5235.89	8245.26	2	-411
819678086	164990	5420.91	10041.3	0	411
1942939098	165073	5237.42	6581.99	1	411
889128483	165050	5238.19	1847.01	3	411
2796272051	165514	5571.32	6285.4	3	411
1062102747	166770	5400.95	2022.58	0	-411
34895532	164668	4888.3	21607.4	0	-411
625160764	164668	5350.28	2162.81	1	-411
949881861	163164	4936.84	5039.82	2	411
104813096	163164	5299.99	3377.31	0	411
170931852	164531	5350.59	19332.4	1	411
137477524	164531	4960.14	2476.34	0	-411
1278485496	166280	5185.15	4650.91	0	411
1700594019	164077	5115.47	5402.75	0	-411
2448084677	164077	4941.77	7236.74	1	411
502310973	165523	5408.19	8184.21	0	-411
961860344	165067	4857.48	10235.6	0	-411
447456263	164666	5074.78	2884.38	2	-411
660305983	166641	5130.82	3706.05	0	411
1432114117	166974	5199.57	4837.36	4	-411
37143887	163995	5205	8980.95	1	411
961197406	166476	4811.19	3869.69	0	411
965495037	163864	5164.76	5756.93	0	411
515022875	166478	5406.13	4587.21	1	-411
1296369221	163369	5385.1	3321.62	4	411
1296369221	163369	5385.1	3321.62	4	411
1549264485	164994	5195.38	10187.5	1	-411
1549264485	164994	5195.38	10187.5	1	-411
316980570	166436	4862.6	5311.47	3	-411
1877844289	166686	4872.36	16511.2	2	411
1375050707	164184	5128.25	4098.3	0	411
402660776	163157	4922.82	10373.8	2	-411
1717535913	163157	4929.6	3783.39	0	-411
1569266600	164244	5374.08	3369.81	5	411
740158816	163157	5725.39	5892.71	0	411
740158816	163157	5725.39	5892.71	0	411
564326280	164244	5023.93	3364.2	1	411
944205478	166971	4949.37	2288.12	9	411
1673783160	166770	5121.03	4980.06	0	-411
1231759452	163994	5089.07	8789.57	0	411
1746057914	166611	5238.83	6515.7	1	411
44781215	166985	5383.66	9895.72	0	411
1815587453	166985	5286.67	12409.5	0	-411
841252992	166470	5247.56	13699.2	1	411
2368111216	166892	5422.08	7632.21	2	-411
96538814	163485	5372.51	9742.31	1	-411
1569654369	163485	5425.8	7224.85	0	411
1007693061	166976	5300.06	5014.94	2	411
1607338326	163394	4939.62	12147.2	1	-411
1908038983	163645	5286.7	6904.92	5	411
371573155	165514	5359.99	3498.82	1	-411
788744151	166329	5727.38	5391.09	1	411
37412479	166648	5032.12	4129.36	1	-411
678337347	164237	5717.95	3259.47	1	411
86250471	166423	5595.27	1834.48	5	-411
86250471	166423	5595.27	1834.48	5	-411
503897807	167132	5628.94	7417.96	1	411
869037515	164406	5163.99	6664	0	411
95790178	165523	5639.54	7360.55	3	-411
760435991	165408	5362.04	8840.16	5	-411
1443103827	163645	5029.91	2674.28	1	411
1046883252	167126	5142.22	8368.03	1	-411
1046883252	167126	5142.22	8368.03	1	-411
1046883252	167126	5142.22	8368.03	1	-411
1046883252	167126	5142.22	8368.03	1	-411
1046883252	167126	5142.22	8368.03	1	-411
2836291394	167126	5014.44	9110.73	2	411
209700185	166688	4803.58	8703	1	411
220540354	166688	4935.28	1872.67	0	411
631321665	164537	5374.95	5218.44	0	-411
203715287	166884	5575.37	3923.3	0	411
1210386690	166884	4996.51	17260.9	4	411
1210386690	166884	4996.51	17260.9	4	411
394330624	164094	5123.1	9358.1	0	411
235939200	166439	5240.99	13951.9	0	411
1831313	163442	5328.53	2906.65	1	411
171845673	166897	5662.63	3064.71	3	-411
541682274	163599	4942.96	3119.74	0	-411
1165728204	163396	5527.07	8270.62	0	411
1041259746	163396	5233.07	5928.47	1	411
720925668	163396	5108.73	3813.89	0	-411
604762266	166333	5046.36	4058.85	0	411
604762266	166333	5046.36	4058.85	0	411
604762266	166333	5046.36	4058.85	0	411
1772353504	165520	5209.98	6636.76	1	411
825196723	164457	4900.27	3266.4	5	411
1211581529	163442	4880.94	5189.69	1	411
56100636	164009	5779.84	10426.9	0	-411
2884190939	166955	4820.09	5788.83	1	411
1611176552	165036	5359.1	5625.08	2	-411
2423873694	165036	5324.01	4254.15	1	-411
2047682947	166652	5069.37	5178.13	0	411
234540865	163496	5191.45	2453.73	2	411
1563112827	165404	5969.86	17475.5	1	-411
453055671	163616	4939.39	3948.37	1	-411
577398927	163616	4881.15	6596.46	2	-411
977581928	166985	5027.6	1550.29	1	-411
525939627	165525	5030.72	12157.9	4	411
1712816772	164667	5828.42	7215.24	3	-411
1983597423	164667	4997.54	2363.38	7	-411
171075469	163039	5403.81	4877.35	0	411
100587868	164694	5081.63	15626	0	411
100587868	164694	5081.63	15626	0	411
100587868	164694	5081.63	15626	0	411
100587868	164694	5081.63	15626	0	411
781713272	163364	5317.73	3504.19	12	-411
1288769249	165386	5166.47	1911.36	3	411
128235913	166656	5215.73	2639.5	2	-411
1473475485	163160	5417.87	6874.64	0	-411
806842098	164534	5233.48	2275.86	2	411
489970459	164534	4884.17	4268.19	2	-411
970522167	163442	5353.44	7951.93	1	-411
175647698	166433	5053.8	18117.6	0	-411
5799738	166646	4857.19	4384.67	1	-411
5799738	166646	4857.19	4384.67	1	-411
906308701	162559	5018.53	4107.31	1	411
2040276878	166669	4823.51	4105.86	6	411
2040276878	166669	4823.51	4105.86	6	411
1871366225	165514	4980.86	3634.98	4	411
815405448	163645	5978.87	2210.17	7	411
236709419	164911	5279.13	5743.79	2	411
675612823	164819	4886.46	2490.37	3	411
1488500878	166887	5376.28	4263.57	3	411
396558230	164188	5182.51	3725.35	0	-411
20932601	165402	4881.87	7896.12	0	-411
20932601	165402	4881.87	7896.12	0	-411
581343885	166961	5861.8	1601.13	0	411
431618566	164531	5097.77	13155	0	411
970994998	164531	4843.52	6110.79	0	-411
2133449053	164531	4986.62	9166.69	0	-411
330263501	166961	5384.83	7797.66	3	411
347357600	165073	5153.54	6936.18	4	411
555985425	164990	4897	3266	1	411
1336049100	164990	5271.27	10122.5	0	411
919717339	166538	4900.5	4355.19	4	411
431545564	164016	4955.04	5555.81	1	411
2064889403	164016	5241.32	8155	1	-411
1172058236	166727	5469.41	1985.89	5	411
1464390303	165049	4952.57	2443.08	2	-411
960797473	164696	5043.31	2880.2	1	411
2839451085	166724	5145.13	12536.8	2	411
1127156283	166724	4978.94	7224.82	2	-411
2676488755	166890	4953.88	9574.6	3	-411
1401415457	167117	5094.72	1924.13	3	-411
2265334717	163873	5136.86	1923.17	1	-411
376211940	163550	5277.06	3970.65	0	-411
199373634	163757	4838.07	4962.46	4	411
1490993165	164700	5248.64	7003.71	2	-411
1490993165	164700	5248.64	7003.71	2	-411
1490993165	164700	5248.64	7003.71	2	-411
67075439	163616	5018.07	4981.28	0	-411
758162065	166424	5507.35	31100	2	411
1828488190	164187	5868.5	3851.77	28	411
995616971	163391	5175.48	11181.4	1	-411
118550449	166660	4813.7	12314	5	-411
735568406	164073	4967.03	4735.05	3	411
823987056	162995	5403.46	5355.46	0	-411
2426336537	164914	5384.37	5981.87	4	411
36012445	164700	5151.66	4228.39	5	-411
2477500411	165405	5503.35	6901.71	0	-411
2477500411	165405	5503.35	6901.71	0	-411
1126972151	164666	4963.12	2647.34	1	411
1126972151	164666	4963.12	2647.34	1	411
739271480	167063	5010.73	2027.3	3	411
72245114	163506	4990.99	2832.2	14	411
72245114	163506	4990.99	2832.2	14	411
2328332569	167107	4888.24	4082.19	0	-411
306923481	165053	5980.28	1618.82	36	411
2048916509	164914	5331.64	2026.1	2	-411
1171688643	164914	5305.62	11167	3	411
1510363610	165525	5598.18	1627.52	2	-411
147611618	165035	5086.76	5553.45	0	411
2332943591	166637	5690.99	2886.4	1	-411
1059697992	166663	4885.88	3387.91	3	-411
1146189211	163614	5351.76	2977.31	1	-411
50812142	166365	4813.52	716.179	5	411
2446185173	165406	5213.85	12098.6	0	-411
1181467119	166773	4955.11	2570.78	11	411
1040332238	164533	5172.84	2322.53	4	411
1485042915	164527	5070.17	8591	2	411
209306346	166283	4833.78	5443.91	0	-411
1407472626	164694	4839.84	2579.68	0	-411
183329755	164209	5766.84	13702.6	1	411
1436148303	166655	5474.08	1389.59	1	-411
183722504	166325	5353.15	9501.1	0	411
183722504	166325	5353.15	9501.1	0	411
93595843	165518	5069.09	4083.9	3	-411
640400972	162881	5548.67	3631.9	8	411
640400972	162881	5548.67	3631.9	8	411
640400972	162881	5548.67	3631.9	8	411
481492350	162881	4975.29	3903.88	1	-411
590041684	163102	5042.96	5865.81	0	411
918108979	162878	4914.31	7868.45	2	-411
1359007280	167112	4953.47	7130.3	6	411
450835363	167112	4988.71	5701.58	3	-411
1088141544	167112	4813.6	10959.3	2	-411
2542578957	165404	4934.49	5834.76	0	411
1064971926	164440	4804.39	3259.95	1	-411
1577862562	166611	5346.38	4747.45	3	-411
1697625876	163426	4854.05	28421.9	0	-411
1110060961	164534	4969.56	2752.33	2	411
266789362	163123	5512.06	2134.38	2	411
1601483127	163872	5152.94	3683.48	0	-411
1270607716	166535	4906.43	7746.11	0	-411
218075185	166322	4854.04	16359.8	0	-411
889163640	166717	4979.97	3159.78	3	411
2762188619	166651	4868.17	1379.95	0	411
1841844741	164189	4977.89	5060.41	0	411
206271924	163873	4873.41	8890.8	3	411
1554106754	163391	4866.33	7564.63	1	411
1554106754	163391	4866.33	7564.63	1	411
2471039666	166682	5366.32	4517.79	1	411
2471039666	166682	5366.32	4517.79	1	411
957484774	167111	5176.98	6535.92	3	411
564700159	165375	5923.76	38547.5	0	-411
1311003229	163111	5471.27	4688.72	25	411
1089923650	163111	5415.4	1917.07	4	411
1241471620	164445	5209.96	5672.08	4	411
1986697300	166982	5379.17	10775.3	0	411
425869822	164408	5511.68	5734.03	3	411
1814918358	166718	5337.19	5572.22	4	411
55106861	166718	5834.92	1416.28	1	-411
268589533	166477	4886.97	2775.39	3	411
406271038	167107	5121.68	18571.6	0	411
629382812	164668	4950.04	4321.1	0	-411
502495946	166674	4916.62	3867.79	0	411
536425876	166959	5137.35	10620	3	-411
514459123	164091	5114.95	9696.2	3	-411
514459123	164091	5114.95	9696.2	3	-411
1155570726	167113	5279.1	11475	90	-411
1155570726	167113	5279.1	11475	90	-411
1125927304	167020	4926.92	8788.95	2	411
1952633466	165404	5263.3	15483.9	0	411
1081653253	166718	5575.64	1878.03	1	411
1429182018	165393	5398.82	6238.71	0	-411
53325526	163485	5013.87	9696.31	1	-411
982963889	164692	4868.84	7948.38	14	411
982963889	164692	4868.84	7948.38	14	411
1466548909	165379	5392.44	6030.5	0	411
2671260381	166641	5109.61	1940.93	2	-411
560808786	166954	4877.51	2075.82	6	411
238720864	163368	4934.36	5040.33	1	-411
2025849433	163599	5351.56	17813.6	0	411
2659823142	165405	5368.88	3832.44	3	411
2659823142	165405	5368.88	3832.44	3	411
2659823142	165405	5368.88	3832.44	3	411
2615252255	166666	4890.85	7942.96	6	411
2791336547	166666	5251.56	7980.78	0	-411
1607100250	163374	5360.15	3624.05	4	-411
1607100250	163374	5360.15	3624.05	4	-411
1607100250	163374	5360.15	3624.05	4	-411
220373248	165518	5168.3	10422.9	1	411
658111099	163991	5060.37	4755.07	22	411
658111099	163991	5060.37	4755.07	22	411
186727588	164825	4953.93	1259.61	1	-411
368773993	166714	5157.58	1824.69	3	-411
608830766	166954	4991.8	10336.5	9	411
485020159	163368	4806.08	8618.8	2	-411
485020159	163368	4806.08	8618.8	2	-411
485020159	163368	4806.08	8618.8	2	-411
536888539	164825	5356.56	7266.67	4	411
426939283	165031	5392.63	5141.92	4	411
1022236770	166716	4937.51	20851.7	1	-411
1022236770	166716	4937.51	20851.7	1	-411
636645944	165514	5242.88	4760.95	1	411
65685685	167061	5090.02	3374.05	1	-411
284065585	166428	5608.07	10507.8	3	-411
1397739347	166977	5193.53	20973	4	411
1809575	163465	5014.07	10565.8	0	-411
201751713	163161	4960.58	6043.46	1	411
1813383006	163985	5178.46	4876.05	1	-411
2370021879	165516	5360.54	8002.08	4	411
89278067	164536	5278.85	8317.8	20	-411
89278067	164536	5278.85	8317.8	20	-411
309301466	167113	5724.69	5528	0	-411
165403132	164248	5051.73	3740.37	5	411
2163664849	166325	5114.44	3632.51	6	411
2528628617	166683	5066.1	984.966	2	411
2528628617	166683	5066.1	984.966	2	411
1593766853	165401	5381.8	3758.38	2	-411
890085238	163160	4881.91	8230.05	11	411
1764299411	165062	5077.61	5301.86	2	411
1572391250	166431	4979.82	4849.05	0	-411
33828733	166654	4869.04	4805.5	8	-411
358264488	166323	5258.85	6273.88	2	-411
1632017678	166438	4921.35	9499.71	0	-411
462912720	163784	5812.55	1201.54	0	-411
1363579003	164000	4839.23	3308.43	3	-411
2021483006	166975	5049.29	9191.2	2	411
849894796	166773	4880.48	6416.54	0	-411
392540771	163616	5889.78	10794.9	12	411
935454618	163616	5132.47	4422	6	411
2080989052	164698	4983.28	10935.1	4	411
1506411955	163166	5131.52	10427	2	411
548093858	162884	5060.52	10292.7	1	411
548093858	162884	5060.52	10292.7	1	411
595745671	164001	5651.12	19036.8	0	411
421410731	163369	5921.23	1111.13	2	-411
744287211	166423	5366.8	3503.53	5	411
744287211	166423	5366.8	3503.53	5	411
427396169	166969	5160.99	11285.3	2	411
1513351471	164459	5267.8	1294.62	1	-411
1765512572	167130	5674.56	2116.16	0	-411
1765512572	167130	5674.56	2116.16	0	-411
698547856	166722	5127.15	7994.93	1	-411
719779863	164533	4923.34	3871.84	1	411
366037031	163111	5115.64	16835.7	0	411
499620441	164916	4923.21	8525.48	5	411
688637578	164406	4935.53	1815.93	10	411
1865735826	164406	5298.53	3714.09	0	-411
212016284	165356	5113.6	7603.38	3	-411
88689699	166889	5588.2	12187.9	2	-411
304688697	166972	5641.28	6800.05	11	-411
1598657247	164696	4916.34	3394.97	2	411
450857025	163992	5060.13	3947.48	2	411
1359431207	163992	4981.14	5743.01	6	411
2309836299	166970	5196.78	8835.66	2	411
1406042024	165507	5960.23	13944.6	1	411
1103832075	163394	4874.05	4877.07	0	-411
1103832075	163394	4874.05	4877.07	0	-411
1985855958	166979	5291.59	3871.1	6	411
478190060	162875	5470.4	4367.98	5	411
151778969	166367	4874.57	3717.87	2	411
1899436144	164237	4904.02	3794.29	37	411
1054006772	163994	4837.52	2821.32	1	-411
1768359221	166660	5363.25	4230.12	2	411
1617580711	166879	5122.31	5019.13	3	411
71478028	164454	5179.12	686.558	0	-411
1591651490	164524	4831.86	10534.5	1	-411
764213392	166954	4940.63	1428.46	3	411
1801219517	164082	5246.86	5621.87	5	411
1801219517	164082	5246.86	5621.87	5	411
1801219517	164082	5246.86	5621.87	5	411
211740944	166983	5919.78	2350.27	2	-411
454643607	164537	5166.43	9745.72	0	-411
257324964	165075	5273.09	2182.9	2	411
417432254	167120	5222.51	2244.48	3	411
2245217798	165406	5123.91	5366.85	0	411
2483874216	163645	5465.62	3774.96	10	-411
1637188017	166972	4825.84	4808.51	1	-411
1850567149	165050	5280.89	6809.04	16	411
754226089	163168	5128.85	7152.37	0	-411
291402789	166659	5101.31	6424.72	1	-411
706554575	163396	5779.05	4234.47	3	411
1945342728	164094	5016.27	5781.74	0	-411
664466320	167123	5542.54	6246.48	124	411
1148778636	166651	5062.49	5248.8	0	-411
704953825	163477	5247.58	8724.14	2	-411
1191544571	165050	5130.61	4843.62	0	411
1191544571	165050	5130.61	4843.62	0	411
501049061	164696	5532.1	5704.24	1	411
2385178812	165518	5214.05	15956.2	3	411
2099707533	166666	5587.64	4950.84	0	-411
1026708488	164455	4864.97	13757.9	1	-411
1407987142	166975	5065.2	1794.77	2	411
1521931050	166975	5263.46	5577.23	4	-411
1641739894	166424	4971.91	2955.79	1	411
1113660759	166974	4875.65	2012.46	3	411
2212052670	166770	5226.53	2759.22	6	411
1269441980	166531	5301.81	2452.5	3	411
1269441980	166531	5301.81	2452.5	3	411
671648381	166470	5244.86	12910.5	0	411
924385586	164440	5380.41	2509.52	0	-411
926719018	165526	5168.5	664.022	0	411
1789085659	163482	5184.15	12211.4	1	411
305226984	162880	5063.73	1430.69	2	411
78871492	163167	5352.44	9170.49	2	411
232115166	163167	5379.18	4227.84	2	-411
789823258	163442	5053.54	14283.3	2	411
304686265	167015	5692.95	12401.2	15	-411
1145387474	162865	4991.56	8797.41	1	411
1066978349	166423	5006.23	10188.6	18	-411
2109713588	165521	5166.01	8490.95	11	411
2674695778	166687	5314.51	11852.4	1	411
302417160	163883	5118.58	4805.85	5	-411
302417160	163883	5118.58	4805.85	5	-411
119571631	167136	5071.9	6736.12	0	411
307557910	167136	5109.55	6959.07	0	411
307557910	167136	5109.55	6959.07	0	411
307557910	167136	5109.55	6959.07	0	411
807743751	166652	5117.4	15300.6	0	-411
1540757075	165036	5940.17	10268.7	2	-411
1540757075	165036	5940.17	10268.7	2	-411
1611752576	166280	5280.02	5035.34	0	411
1943703307	166879	5157.49	4748.11	0	-411
773296287	165306	5000.08	3279.2	1	-411
1558049592	164073	5123.17	4384.55	2	-411
329456762	166959	5123.92	5108.45	5	411
338036109	166324	5163.29	1883.12	1	-411
338036109	166324	5163.29	1883.12	1	-411
979202912	166429	5538.32	7916.51	3	-411
979202912	166429	5538.32	7916.51	3	-411
1580769242	166431	5592.34	2315.23	0	-411
2324584828	166429	5275.81	6609.24	1	-411
235398171	165420	5376.27	4837.42	2	411
1173851681	163878	5047.71	7579.39	0	411
1173851681	163878	5047.71	7579.39	0	411
1173851681	163878	5047.71	7579.39	0	411
1359174848	166474	5447.24	5903.92	26	411
2087878531	164699	4954.63	11511.1	1	-411
1065249601	163165	4937.19	5880.48	9	411
271682195	163165	5164.87	6551.06	1	411
2464618135	163775	5448.85	17485	71	411
416474876	164921	4848.34	9588.56	0	-411
739798652	164180	5828.56	1140.08	2	-411
757973372	165049	4975.1	9974.19	1	-411
488003032	165064	4914.2	7373.42	23	-411
1864112675	164086	4916.86	15717.5	3	411
235291072	166716	4954.77	7120.41	3	-411
758309802	166674	5764.81	3110.9	9	-411
1919087521	166474	5079.46	14599.2	5	-411
1919087521	166474	5079.46	14599.2	5	-411
698848686	166474	5432.28	7349.13	4	411
1169165167	164332	5791.6	3910.01	0	-411
317155526	164332	4865.13	6125.41	84	411
317155526	164332	4865.13	6125.41	84	411
1593417246	165026	5309.17	1864.42	0	411
1611622781	166668	4975.8	17908.2	1	411
2048610033	165520	5364.83	10465.3	3	411
1733238459	166711	5364.24	9416.62	3	-411
1921013761	163482	5486.16	3998.49	0	-411
807440349	163482	5254.17	7636.03	0	411
1739860053	166724	4891.7	5024.66	1	411
1733669241	166904	5178.56	1594.58	3	-411
1733669241	166904	5178.56	1594.58	3	-411
2212074357	165401	5366.27	3447.67	0	411
805055033	166663	5370.68	8324.4	2	-411
977698614	164000	4857.25	1394.58	5	411
990446811	166332	5045.57	11160.4	7	411
2934557868	166634	4804.03	5833	17	411
2934557868	166634	4804.03	5833	17	411
2934557868	166634	4804.03	5833	17	411
1818611813	164534	5130.97	3435.04	19	411
21072603	165402	5153.75	11159	1	411
673824309	165402	4990.44	9943.27	1	411
479567518	166683	4924.3	8750.88	8	-411
17280549	167116	4926.19	3906.35	2	411
148338171	164694	5029.13	3866.94	1	411
2565580786	165512	5187.64	6769.24	3	411
1612008498	165038	4884.34	12849.5	1	-411
1612008498	165038	4884.34	12849.5	1	-411
1612008498	165038	4884.34	12849.5	1	-411
1612008498	165038	4884.34	12849.5	1	-411
924764424	164700	5091.98	5463.32	1	411
924764424	164700	5091.98	5463.32	1	411
465862365	163872	5106.24	3863.59	2	411
1532003737	166431	4972.33	10097.8	5	-411
442643778	164459	4946.65	5765.95	0	411
212954144	166323	5041.65	16421.8	3	411
212954144	166323	5041.65	16421.8	3	411
2017033256	166431	5057	4882.75	1	-411
1847325301	166732	5298.46	24261.6	3	-411
844287752	166637	5173.94	7443.26	0	-411
1036508789	165057	5174.47	7740.85	1	411
1036508789	165057	5174.47	7740.85	1	411
90163801	165417	5369.3	9580.89	0	-411
1151899677	163786	5085.88	7750.59	10	411
1151899677	163786	5085.88	7750.59	10	411
1132789232	166770	5075.43	21368.1	2	-411
622768716	163157	5051.41	12214.9	1	-411
746471325	165053	5372.37	5782.61	1	411
532134761	165413	5118.31	6737.97	1	411
403616312	165063	5131.72	3219.66	13	411
1262553250	162865	5088.52	2680.68	0	-411
352453252	166889	5180.34	19978.6	1	-411
1875510156	167126	5708.98	3991.17	0	411
1310455508	166891	5612.01	2739.72	3	-411
1543608696	163596	5217.02	8723.27	7	411
1543608696	163596	5217.02	8723.27	7	411
1543608696	163596	5217.02	8723.27	7	411
1995260368	166719	4861.76	9375.05	6	-411
1945608930	166719	4967.96	2014.61	0	-411
1390720453	164534	5076.48	6114.29	1	-411
1069692939	164440	5246.22	5177.56	0	411
1556412654	164455	4901.46	14311.4	28	-411
1556412654	164455	4901.46	14311.4	28	-411
1556412654	164455	4901.46	14311.4	28	-411
1478216308	165031	5413.65	2657.1	0	-411
1478216308	165031	5413.65	2657.1	0	-411
1478216308	165031	5413.65	2657.1	0	-411
1478216308	165031	5413.65	2657.1	0	-411
1478216308	165031	5413.65	2657.1	0	-411
2663668203	166438	4992.6	6985.84	5	-411
1166223361	166668	5015.04	6389.56	0	-411
417753916	165526	5260.62	4570.64	5	411
1829793881	164243	5365.71	4610.77	1	-411
1929271866	166324	5339.21	3233.12	9	411
225411647	163614	5633.74	11463.5	1	-411
2014393987	163873	4975.38	3636.04	3	-411
1232254449	166973	5231.75	2276.33	1	-411
1935628751	163611	5260.73	6189.34	1	411
1935628751	163611	5260.73	6189.34	1	411
40118079	165062	5110.22	6244.26	5	-411
68681394	167126	5415.38	6173.36	0	-411
88624619	165024	5268.85	4611.94	1	411
640786413	166887	5342.8	7618.63	0	-411
640786413	166887	5342.8	7618.63	0	-411
640786413	166887	5342.8	7618.63	0	-411
1676246131	164696	5211.97	4224.48	5	411
709393055	166890	5401.84	6567.12	6	411
2308720414	166972	5138.27	8046.94	0	411
1016969557	163119	5163.33	4082.23	4	-411
498564501	164086	5116.64	11717.2	0	-411
932584539	163869	5245.87	2476.41	0	411
16368656	163370	5235.77	1960.81	10	-411
225837573	162284	5688.76	2977.98	10	411
2630854393	166722	4926.46	8187.71	1	-411
1818856708	164406	5217.24	2535.26	9	411
1438927230	166320	4824.65	5098.87	13	-411
661213476	165391	5162.16	4538.36	8	-411
661213476	165391	5162.16	4538.36	8	-411
661213476	165391	5162.16	4538.36	8	-411
1689004286	166969	5102.41	3898.31	3	411
1411828600	167130	5340.49	10328.6	1	-411
171844580	166662	5112.89	12155.9	20	411
969391907	166651	5033.41	3947.32	0	-411
131047705	166773	5786.14	4021.88	11	-411
2661306151	165512	5082.89	2427.28	3	-411
483610191	163550	5189.83	4386.38	0	411
2408743567	165069	5015.62	11396.3	2	-411
229438486	165069	4951.56	1269.88	3	411
229438486	165069	4951.56	1269.88	3	411
2727853716	166428	4935.95	11571.7	0	-411
1845075417	166634	5233.46	5221.97	40	411
1845075417	166634	5233.46	5221.97	40	411
1845075417	166634	5233.46	5221.97	40	411
1344577847	166634	5058.89	1552.49	4	-411
1378238497	166970	4879.54	7878.31	0	411
1713104106	165375	5286.32	3140.27	8	411
1713104106	165375	5286.32	3140.27	8	411
370681471	164157	4818.2	7518.25	1	-411
688137729	162878	5023.92	3205.99	0	-411
1594557115	164445	4927.84	10942.1	1	-411
658321768	163607	4907.27	6509.19	1	411
1711196421	164665	5065.38	3642.29	0	-411
1370673561	164665	5035.85	8667.03	0	-411
513480143	164531	5105.15	9875.29	7	411
1678105989	166641	4842.92	4494.26	3	-411
690284190	164916	5177.05	5021.11	3	411
774761021	166474	5091.96	8501.22	4	-411
971798171	165046	5736.53	5703.16	1	411
258889391	167116	5386.07	7039.99	0	-411
738015703	166903	5076.84	7325.74	1	-411
128094635	165025	5348.87	5721.72	0	411
903893063	166957	5432.47	8474.55	3	-411
903893063	166957	5432.47	8474.55	3	-411
2632810929	166722	5372.36	11624.8	1	411
912570770	165518	5302.5	10198.8	2	411
1141976737	162884	4936.66	3201.51	0	411
254557294	164921	5154.6	5794.63	0	-411
359411911	165386	5150.33	12425.4	0	411
564345341	167023	5377.31	8535.59	0	411
2315321708	167117	4892.11	7000.03	0	-411
2315321708	167117	4892.11	7000.03	0	-411
315385542	167117	5571.7	3316.65	13	411
1407554093	163990	4891.15	20945.5	6	-411
1004199123	164079	5528.74	17708.9	9	411
698274006	166647	4804.95	7952.49	1	411
2315143201	164194	4857.49	16457.1	2	-411
2315143201	164194	4857.49	16457.1	2	-411
2757290817	165517	5246.29	8621.13	0	-411
2458663574	163783	5461.85	4972	2	-411
250682467	165063	5340.66	3532.21	1	411
611800271	162533	4965.5	9873.98	3	411
282362794	162878	5623.96	7288	0	-411
388810045	163775	4922.61	4685.42	1	-411
444834215	164462	5041.83	3038.37	35	-411
2394778415	167061	4986.61	3817.49	1	411
690224800	163880	5362.76	7340.83	1	-411
542353784	164819	5046.18	15960	1	411
776458544	166719	5222.42	3502.59	1	-411
103818689	163394	5471.65	12975.3	2	-411
417861316	163164	5257.1	5869.74	0	-411
1438205733	164242	5164.07	9629.97	2	-411
119961298	164244	5034.04	20704	0	-411
2298955387	166663	5353.03	8262.84	1	-411
2298955387	166663	5353.03	8262.84	1	-411
2298955387	166663	5353.03	8262.84	1	-411
336316679	162881	5294.27	8203.94	2	-411
336316679	162881	5294.27	8203.94	2	-411
295896265	164094	5203.26	4222.87	15	411
2027489543	166687	4918.18	6725.67	5	411
1985487546	166426	4900.32	6030.8	2	411
1130432998	165523	5036.53	10393.5	21	-411
302810192	166688	5099.58	3837.18	2	411
1238534621	163159	5460.6	721.701	0	411
412824699	165518	4862.96	3369.69	0	-411
1608587353	166897	5076.25	14667.8	7	-411
25017132	166439	4990.66	10319.5	1	411
389121727	164457	5121.7	10275.2	1	-411
2738707393	166647	5162.06	2182.61	2	411
202438923	166473	5053.37	8105.3	1	411
883794013	164667	5363.8	4037.62	2	-411
432928962	163039	4920.38	5804.2	1	-411
1557575866	162874	5740.17	11027.9	0	411
2123257180	166974	4849.36	2436.56	1	411
229192221	166433	5092.56	7988.65	2	-411
1716496821	164000	5320.77	6666.56	11	411
2577957663	166722	5307.02	3711.46	6	411
473504642	163465	5733.86	8770.06	2	-411
1403519876	166964	5380.23	12559.2	0	-411
2116522292	166964	5018.94	7464.2	1	-411
2116522292	166964	5018.94	7464.2	1	-411
233767435	165402	5250.99	10971.8	1	-411
424939111	164990	4870.36	15592.7	1	411
42777787	165052	4801.01	2569.87	4	411
13404997	164094	5157.13	13233.7	0	411
846438198	163467	5209.79	5042.76	1	411
